(7.2400000000000002, 0.0027540597186518517)
(34.18, 0)
(37.780000000000001, 0)
(40.350000000000001, 0.11520091404961799)
(33.93, 0.082802237120802605)
(34.119999999999997, 0.034882283778650332)
(42.619999999999997, 0.001168427390974713)
(21.77, 0)
(36.369999999999997, 0.010045232955778076)
(16.690000000000001, 0.24631114433259435)
(25.719999999999999, 0)
(32.590000000000003, 0)
(27.149999999999999, 0.0021350743259028514)
(10.56, 0)
(52.090000000000003, 0)
(6.1299999999999999, 0.0023818364499355389)
(51.18, 0.00183076166389473)
(45.670000000000002, 0.0056493855674139897)
(33.390000000000001, 0)
(15.609999999999999, 0)
(43.700000000000003, 0.022511649438604314)
(24.050000000000001, 0)
(6.2000000000000002, 0.14432243817894716)
(28.949999999999999, 0)
(4.6299999999999999, 0)
(42.619999999999997, 0)
(18.489999999999998, 0)
(9.7400000000000002, 0)
(28.73, 0)
(14.16, 0)
(4.21, 0.69233929898697044)
(38.219999999999999, 0)
(5.6100000000000003, 0)
(25.210000000000001, 0)
(43.549999999999997, 0)
(14.02, 0)
(8.1199999999999992, 0)
(24.09, 0)
(6.3899999999999997, 0.031630758794749851)
(36.009999999999998, 0)
(24.800000000000001, 0)
(7.0800000000000001, 0.0099232307333324433)
(14.81, 0)
(28.32, 0.061859519008275084)
(26.379999999999999, 0)
(16.68, 0.36515705416768646)
(9.9000000000000004, 0)
(28.510000000000002, 0.36852777711234491)
(38.18, 0.0039894780430411499)
(8.4000000000000004, 0)
(27.93, 0)
(21.84, 0)
(35.140000000000001, 0)
(26.609999999999999, 0.0021184437356661081)
(16.629999999999999, 0.0026649622333401271)
(14.640000000000001, 0)
(13.19, 0.28776053398570489)
(16.149999999999999, 0)
(7.3399999999999999, 0)
(48.079999999999998, 0)
(7.2300000000000004, 0)
(49.899999999999999, 0.060347777507504571)
(18.579999999999998, 0)
(32.920000000000002, 0)
(29.969999999999999, 0.0019664282113890492)
(5.8300000000000001, 0.0084065186935391549)
(41.960000000000001, 0)
(46.68, 0.0039413060085166712)
(13.77, 0)
(12.4, 0)
(41.270000000000003, 0)
(21.52, 0)
(15.51, 0)
(44.159999999999997, 0)
(34.859999999999999, 0)
(50.490000000000002, 0.0036556890834923061)
(18.010000000000002, 0)
(6.9199999999999999, 0)
(42.649999999999999, 0)
(26.120000000000001, 0)
(15.09, 0)
(29.129999999999999, 0)
(10.029999999999999, 0.26681692443467203)
(7.7599999999999998, 0.20942729006139477)
(29.449999999999999, 0.0021676195119725802)
(50.100000000000001, 0)
(30.800000000000001, 0.22844734168950109)
(29.68, 0.0078384190093284314)
(46.079999999999998, 0.26682144460616031)
(41.350000000000001, 0)
(27.789999999999999, 0.0039758482129926328)
(13.58, 0.40273234314598644)
(14.49, 0.045737402311002706)
(17.890000000000001, 0)
(22.899999999999999, 0)
(7.79, 0)
(31.760000000000002, 0)
(26.93, 0.0040580198969361204)
(30.629999999999999, 0)
(30.16, 0.2859936087682175)
(37.32, 0)
(49.729999999999997, 0)
(32.399999999999999, 0)
(38.780000000000001, 0.59295423698861671)
(19.16, 0)
(25.460000000000001, 0)
(40.729999999999997, 0.0057526578955364649)
(45.700000000000003, 0.23060158288426377)
(9.1699999999999999, 0)
(7.3499999999999996, 0.020993381665136278)
(50.859999999999999, 0)
(52.399999999999999, 0)
(10.24, 0)
(45.159999999999997, 0)
(39.759999999999998, 0)
(18.890000000000001, 0.87778650187600382)
(19.93, 0)
(50.359999999999999, 0)
(17.460000000000001, 0.50217286202584355)
(6.0999999999999996, 0.86287131395705241)
(36.57, 0.092954279797089631)
(7.7000000000000002, 0)
(53.740000000000002, 0)
(44.289999999999999, 0.0077779432148667041)
(51.460000000000001, 0.36042582787910726)
(16.18, 0)
(32.700000000000003, 0)
(40.979999999999997, 0)
(46.409999999999997, 0)
(46.880000000000003, 0.64002094826868783)
(54.799999999999997, 0.62635533225490292)
(19.309999999999999, 0.90755507349223219)
(32.049999999999997, 0)
(6.96, 0.0062591169608937555)
(39.729999999999997, 0)
(23.719999999999999, 0)
(33.57, 0.44486019788004888)
(32.280000000000001, 0)
(13.6, 0)
(15.800000000000001, 0)
(18.309999999999999, 0.12565848465499099)
(38.590000000000003, 0)
(33, 0)
(53.359999999999999, 0.0018485304731045398)
(39.960000000000001, 0)
(51.880000000000003, 0)
(9.1099999999999994, 0)
(29.23, 0)
(40.119999999999997, 0)
(31.100000000000001, 0)
(9.7300000000000004, 0)
(30.859999999999999, 0.11408133201533728)
(44.07, 0.0096090500976080719)
(16.02, 0)
(35.030000000000001, 0.65582767335342917)
(10.92, 0)
(45.369999999999997, 0.076404426479619814)
(18.57, 0)
(10.1, 0.80671479796215206)
(39.670000000000002, 0.0035484214856825315)
(41.090000000000003, 0)
(31.350000000000001, 0.0080346081518225549)
(35.670000000000002, 0)
(42.939999999999998, 0)
(12.08, 0)
(43.030000000000001, 0.61882811120353853)
(6.0800000000000001, 0)
(9.3599999999999994, 0)
(49.289999999999999, 0)
(36.700000000000003, 0.003958967019860025)
(19.34, 0.080296624977947664)
(25.48, 0)
(10.449999999999999, 0)
(17.579999999999998, 0)
(16.18, 0)
(35.450000000000003, 0)
(22.850000000000001, 0)
(28.949999999999999, 0)
(32.020000000000003, 0)
(35.560000000000002, 0.0040161131246851068)
(16.629999999999999, 0)
(11.51, 0)
(34.229999999999997, 0)
(42.920000000000002, 0.058602428400660926)
(5.0899999999999999, 0.0078024699258664454)
(12.81, 0)
(11.32, 0.0066399363300730417)
(32.729999999999997, 0)
(39.200000000000003, 0)
(16.309999999999999, 0.0096598112617917193)
(43.509999999999998, 0.0019735554013257414)
(44.240000000000002, 0.011509946822366113)
(40.789999999999999, 0)
(50.439999999999998, 0)
(48.240000000000002, 0.020417928677114752)
(13.449999999999999, 0.1559039009548418)
(22.559999999999999, 0.0024253809775343755)
(20.350000000000001, 0.0021970074482046873)
(7.3300000000000001, 0)
(15.31, 0.03195428751393669)
(25.489999999999998, 1)
(45.009999999999998, 1)
(5.5899999999999999, 1)
(48.049999999999997, 0.37007451309943129)
(42.609999999999999, 1)
(4.9900000000000002, 1)
(36.07, 0.96223852455047842)
(18.350000000000001, 0.97666726768001377)
(17.73, 1)
(44.659999999999997, 1)
(35, 1)
(27.77, 1)
(37.229999999999997, 1)
(37.200000000000003, 1)
(51.950000000000003, 1)
(17.579999999999998, 1)
(20.170000000000002, 1)
(21.59, 1)
(45.57, 1)
(17.550000000000001, 1)
(28.969999999999999, 1)
(25.949999999999999, 1)
(8.2400000000000002, 0.32249260103055793)
(46.780000000000001, 1)
(15.619999999999999, 1)
(11.26, 0.31746236376505943)
(44.43, 1)
(6.6500000000000004, 0.33819456054408797)
(36.469999999999999, 1)
(32.560000000000002, 1)
(31.030000000000001, 1)
(44.25, 1)
(26.129999999999999, 0.80561932434643768)
(11.210000000000001, 1)
(18.25, 0.84800323677850609)
(50.030000000000001, 1)
(48.640000000000001, 0.18235923172376217)
(6.7199999999999998, 1)
(19.100000000000001, 1)
(16.629999999999999, 1)
(22.760000000000002, 1)
(20.77, 0.89643611933291789)
(21.890000000000001, 0.44411334165747884)
(15.640000000000001, 0.99304231862834225)
(43.990000000000002, 0.38437499827165794)
(19.440000000000001, 1)
(8.6099999999999994, 1)
(18.760000000000002, 1)
(47, 1)
(36.670000000000002, 1)
(46.240000000000002, 1)
(8.1899999999999995, 1)
(38.229999999999997, 0.19567808443629953)
(37.93, 0.9959542160735283)
(17.719999999999999, 1)
(24.289999999999999, 0.99463679520867831)
(30.800000000000001, 1)
(10.68, 1)
(30.5, 1)
(42.210000000000001, 1)
(47.240000000000002, 1)
(14.15, 0.99273896009666729)
(23.239999999999998, 1)
(9.1799999999999997, 1)
(19.75, 0.9892659320949948)
(28.829999999999998, 1)
(50.969999999999999, 0.99154083787962977)
(13.640000000000001, 1)
(44.240000000000002, 0.81000493934012474)
(51.5, 0.95776047797587793)
(52.200000000000003, 0.93187691626464575)
(48.609999999999999, 0.99040440378016847)
(30.870000000000001, 0.77941072300545855)
(32.189999999999998, 0.40696761544431864)
(40.700000000000003, 1)
(15.81, 0.95202326942249449)
(46.240000000000002, 1)
(32.57, 1)
(4.5999999999999996, 1)
(40.229999999999997, 1)
(44.549999999999997, 0.98286508094565284)
(24.359999999999999, 1)
(47.759999999999998, 1)
(17.239999999999998, 0.25930786306539094)
(14.199999999999999, 1)
(20.469999999999999, 1)
(16.530000000000001, 1)
(6.8700000000000001, 1)
(40.07, 1)
(11.27, 0.9787244539876595)
(23.640000000000001, 0.98482563789340827)
(33.600000000000001, 0.19735137356724497)
(35.439999999999998, 0.99671874377227132)
(35.130000000000003, 1)
(40.469999999999999, 1)
(20.32, 0.95304935409188296)
(10.470000000000001, 1)
(4.79, 1)
(9.2100000000000009, 1)
(30.109999999999999, 1)
(43.670000000000002, 1)
(49.439999999999998, 0.98964632715571654)
(5.79, 1)
(25.359999999999999, 1)
(15.720000000000001, 1)
(33.390000000000001, 0.98434548173175207)
(5.8099999999999996, 1)
(18.66, 1)
(30.550000000000001, 0.90538470721053232)
(14.65, 1)
(40.350000000000001, 1)
(12.369999999999999, 1)
(51.240000000000002, 0.99212639342186115)
(19.5, 1)
(50.710000000000001, 0.84970950062772277)
(13.76, 1)
(50.380000000000003, 1)
(7.5499999999999998, 0.97125408631747445)
(23.859999999999999, 1)
(13.07, 1)
(8.0399999999999991, 1)
(11.84, 1)
(22.300000000000001, 0.97566757745239185)
(39.359999999999999, 0.97718081698373271)
(37.140000000000001, 1)
(46.060000000000002, 1)
(53.789999999999999, 1)
(10.77, 1)
(25.629999999999999, 1)
(18.41, 1)
(11.33, 1)
(14.59, 1)
(39.579999999999998, 1)
(18.98, 1)
(17.879999999999999, 1)
(28.16, 0.93700782957868201)
(19.93, 1)
(8.9399999999999995, 1)
(45.219999999999999, 1)
(38.640000000000001, 0.98245300452689199)
(32.280000000000001, 1)
(15.289999999999999, 1)
(24.66, 0.96510341809912015)
(27.789999999999999, 1)
(46.299999999999997, 1)
(44.810000000000002, 1)
(20.489999999999998, 1)
(32.93, 0.99406308225595119)
(46.130000000000003, 1)
(37.810000000000002, 1)
(25.199999999999999, 0.98205936303294639)
(14.25, 1)
(16.539999999999999, 1)
(23.59, 1)
(45.729999999999997, 0.97386613035749237)
(44.170000000000002, 1)
(26.43, 1)
(16.550000000000001, 0.96162216169897363)
(39.409999999999997, 1)
(49.049999999999997, 1)
(30.129999999999999, 1)
(36.18, 1)
(5.9500000000000002, 1)
(38.920000000000002, 1)
(37.789999999999999, 1)
(40.25, 1)
(52.289999999999999, 1)
(45.240000000000002, 1)
(12.529999999999999, 1)
(35.909999999999997, 1)
(4.46, 1)
(49.490000000000002, 0.94445641427888427)
(46.700000000000003, 1)
(17.510000000000002, 1)
(52.539999999999999, 1)
(12.199999999999999, 0.99009413842494642)
(24.73, 1)
(7.3200000000000003, 1)
(43.210000000000001, 1)
(40.109999999999999, 1)
(32.32, 1)
(10.470000000000001, 1)
(43.840000000000003, 1)
(29.640000000000001, 1)
(5.9900000000000002, 1)
(31.899999999999999, 1)
(49.530000000000001, 1)
(27.27, 1)
(43.189999999999998, 1)
(34.920000000000002, 1)
(17.550000000000001, 1)
(49.780000000000001, 1)
(26.710000000000001, 1)
(5.3499999999999996, 0.99113525086443321)
(47.399999999999999, 1)
(40.18, 1)
(33.020000000000003, 1)
(48.299999999999997, 1)
(34.43, 1)
(4.6299999999999999, 1)
(34.329999999999998, 1)
(38.509999999999998, 1)
(45.759999999999998, 1)
(20.43, 1)
(34.939999999999998, 1)
(41.259999999999998, 0.90880689033353634)
(44.979999999999997, 1)
(3.98, 1)
(7.6900000000000004, 1)
(51.850000000000001, 1)
(21.309999999999999, 1)
(14.77, 1)
(16, 1)
(15.1, 0.98986504812397846)
(20.030000000000001, 1)
(27.390000000000001, 1)
(12.449999999999999, 1)
(16.77, 1)
(34.159999999999997, 0.95241062397800935)
(28.260000000000002, 0.98319671711368428)
(36.710000000000001, 1)
(40.799999999999997, 1)
(22.07, 1)
(35.969999999999999, 1)
(46.380000000000003, 1)
(19.449999999999999, 0.99603984201579099)
(23.399999999999999, 1)
(11, 1)
(15.44, 1)
(13.630000000000001, 0.98489874354255125)
(25.780000000000001, 1)
(49.68, 1)
(7.2599999999999998, 1)
(29.739999999999998, 1)
(11.51, 1)
(23.440000000000001, 1)
(32.899999999999999, 1)
(11.880000000000001, 1)
(15.470000000000001, 1)
(9.9199999999999999, 1)
(28.48, 1)
(48.880000000000003, 0.91203826784377307)
(13.039999999999999, 1)
(48.07, 1)
(23.870000000000001, 0.98052639313510115)
(53.119999999999997, 1)
(37.969999999999999, 1)
(4.1699999999999999, 1)
(8.5899999999999999, 1)
(10.449999999999999, 1)
(48.700000000000003, 1)
(40.899999999999999, 0.98096326763751673)
(41.82, 1)
(47.520000000000003, 1)
(6.8600000000000003, 1)
(19.5, 1)
(5.1200000000000001, 1)
(27.879999999999999, 0.94401405460788601)
(31.100000000000001, 1)
(48.439999999999998, 1)
(49.719999999999999, 1)
(41.25, 1)
(50.100000000000001, 1)
(35.75, 1)
(7, 1)
(52.060000000000002, 1)
(30.109999999999999, 1)
(24.41, 0.97470538667766338)
(19.66, 1)
(4.4000000000000004, 1)
(10.67, 1)
(31.280000000000001, 1)
(53.189999999999998, 1)
(35.090000000000003, 1)
(52.18, 1)
(21.77, 0.83283030573664041)
(8.8699999999999992, 1)
(46.520000000000003, 1)
(11.76, 1)
(17.760000000000002, 1)
(39.5, 1)
(26.559999999999999, 1)
(10.41, 1)
(7.8399999999999999, 1)
(20.18, 1)
(26.93, 1)
(4.04, 1)
(54.079999999999998, 1)
(22.52, 0.9694992954143018)
(29.739999999999998, 1)
(25.23, 1)
(38.770000000000003, 1)
(25.359999999999999, 0.99060053943260207)
(38.719999999999999, 0.99392731077916308)
(12.06, 1)
(12.119999999999999, 0.98832288603728569)
(4.7000000000000002, 1)
(46.609999999999999, 1)
(24.16, 0.97582400572675976)
(3.9700000000000002, 1)
(26.18, 1)
(46.859999999999999, 1)
(5.0999999999999996, 0.98838135455431653)
(7.1500000000000004, 1)
(31.780000000000001, 0.89916959890564019)
(27.02, 1)
(33.950000000000003, 1)
(41.18, 1)
(21.899999999999999, 1)
(5.5800000000000001, 1)
(24.800000000000001, 1)
(17.84, 1)
(42, 1)
(35.509999999999998, 1)
(39.75, 1)
(35.909999999999997, 1)
(18.670000000000002, 1)
(22.739999999999998, 1)
(33.18, 1)
(24.27, 1)
(24.239999999999998, 1)
(35.219999999999999, 1)
(40.689999999999998, 1)
(46.229999999999997, 1)
(15.029999999999999, 1)
(21.670000000000002, 1)
(42.210000000000001, 1)
(29.510000000000002, 1)
(23.960000000000001, 1)
(11.58, 1)
(34.990000000000002, 1)
(11.48, 1)
(25.27, 0.96920449880925819)
(51.810000000000002, 1)
(39.68, 1)
(44.240000000000002, 1)
(8.6999999999999993, 0.99026134280377265)
(31.440000000000001, 1)
(12.699999999999999, 1)
(20.68, 1)
(6.3799999999999999, 1)
(45.329999999999998, 1)
(22.510000000000002, 1)
(14.529999999999999, 1)
(23, 1)
(22.149999999999999, 1)
(24.609999999999999, 1)
(45.079999999999998, 1)
(31.149999999999999, 1)
(16.530000000000001, 0.95751978986420105)
(43.490000000000002, 1)
(16.829999999999998, 1)
(4.9699999999999998, 1)
(45.520000000000003, 1)
(28.550000000000001, 0.99119789608645636)
(7.3799999999999999, 1)
(53.280000000000001, 1)
(32.57, 1)
(12.83, 1)
(19.59, 1)
(34.259999999999998, 1)
(41.719999999999999, 1)
(46.810000000000002, 1)
(20.579999999999998, 1)
(56.710000000000001, 1)
(29.059999999999999, 1)
(12, 1)
(12.529999999999999, 0.99534283592186978)
(32.020000000000003, 1)
(41.640000000000001, 1)
(48.359999999999999, 1)
(22.719999999999999, 1)
(39.119999999999997, 0.98958950957391056)
(50.920000000000002, 0.99087969492684291)
(24.23, 1)
(48.530000000000001, 1)
(18.640000000000001, 1)
(30.539999999999999, 1)
(35.960000000000001, 0.99667865932491717)
(5.5800000000000001, 1)
(21.23, 1)
(18.18, 1)
(43.5, 1)
(40.509999999999998, 0.9944248906685581)
(30.390000000000001, 1)
(7.3300000000000001, 1)
(26.960000000000001, 1)
(26.379999999999999, 1)
(32.450000000000003, 1)
(38.18, 0.98443085563357935)
(7.0599999999999996, 1)
(43.229999999999997, 1)
(13.74, 1)
(20.41, 1)
(30.09, 1)
(8.6799999999999997, 1)
(22.510000000000002, 1)
(40.159999999999997, 1)
(42.25, 1)
(30.899999999999999, 1)
