(40.909999999999997, 0.020032448474399063)
(27.18, 0.0062868479902036785)
(20.969999999999999, 0.069936616498594159)
(15.52, 0.02708370505690184)
(11.140000000000001, 0)
(9.9000000000000004, 0.020521430930304004)
(28.02, 0.0035325505890059453)
(34.270000000000003, 0.16226382196772632)
(41.979999999999997, 0.0020479655293573181)
(34.149999999999999, 0.1547601003146892)
(46.520000000000003, 0.010549844389907487)
(36.899999999999999, 0)
(28.140000000000001, 0)
(27.510000000000002, 0.036691438064349366)
(4.3700000000000001, 0.057518336945260325)
(48.280000000000001, 0.0019178846382880749)
(40.359999999999999, 0)
(31.329999999999998, 0)
(5.4800000000000004, 0)
(4.2199999999999998, 0.23112986086137993)
(30.600000000000001, 0.042923488832997417)
(49.32, 0.0018132980394477813)
(44.810000000000002, 0)
(5.9900000000000002, 0.4289791897246063)
(11.93, 0.090171242598614615)
(39.079999999999998, 0.0038693884166967688)
(33.880000000000003, 0)
(45.32, 0.013720664720769172)
(11.050000000000001, 0.0053646783152312538)
(37.299999999999997, 0.0020020897610304993)
(24.699999999999999, 0.24514107187551962)
(41.43, 0.087496623381923905)
(27.34, 0)
(45.18, 0.0090287166452732437)
(20.539999999999999, 0)
(40.899999999999999, 0.033562925375448742)
(17.370000000000001, 0.090358675837147365)
(18.18, 0)
(11.23, 0.043280444134237726)
(11.869999999999999, 0.0027961100443915331)
(18.23, 0.020847275791805845)
(45.090000000000003, 0.0037396315962660793)
(33.789999999999999, 0.052431152884968413)
(11.779999999999999, 0.0022378899769102223)
(34.310000000000002, 0.0041346322131303251)
(41.210000000000001, 0)
(40.390000000000001, 0.045554352703087046)
(35.280000000000001, 0)
(16.640000000000001, 0.064739997239662853)
(48.829999999999998, 0)
(7.0099999999999998, 0.0060788592805101375)
(21.440000000000001, 0.028171267755170933)
(54.689999999999998, 0.048300720343659911)
(47.670000000000002, 0.052266932045375303)
(15.640000000000001, 0)
(18.120000000000001, 0.0069430399520446278)
(36.909999999999997, 0)
(10.84, 0.0026902768363034303)
(52.07, 0)
(14.609999999999999, 0)
(38.020000000000003, 0.10770052246343882)
(46.100000000000001, 0.049810282459539758)
(9.9600000000000009, 0.020436822573866788)
(15.779999999999999, 0.001985450145954359)
(25.379999999999999, 0.020927738631021812)
(53.350000000000001, 0)
(32.68, 0.019724125344295698)
(29.140000000000001, 0.067040360178612868)
(28.739999999999998, 0.22405349967041369)
(15.630000000000001, 0.01874261265108235)
(6.4699999999999998, 0)
(29.719999999999999, 0.051526675694228231)
(13.300000000000001, 0)
(30.260000000000002, 0.002094831954554636)
(38.420000000000002, 0)
(19.309999999999999, 0.0076282673352221012)
(5.04, 0)
(21.989999999999998, 0.0023758288065680866)
(55.18, 0.21554284323634187)
(18.789999999999999, 0)
(24.859999999999999, 0.015250360071453299)
(11.470000000000001, 0.080099298869447513)
(19.34, 0.10099125899424385)
(11.31, 0.0085714609546560967)
(34.539999999999999, 0.25027945293386211)
(29.670000000000002, 0.0034343690038071109)
(8.8800000000000008, 0.0024960984724666925)
(55.869999999999997, 0.055028350778189523)
(44.950000000000003, 0.020224536704776801)
(20.670000000000002, 0)
(32.18, 0.0097436911042757986)
(51.359999999999999, 0.018273337233323375)
(15.609999999999999, 0)
(12.83, 0.010350240560801853)
(24.010000000000002, 0)
(38.149999999999999, 0.0396419350957933)
(29.66, 0)
(37.020000000000003, 0.054539314097763379)
(46.670000000000002, 0.025510597938922422)
(34.079999999999998, 0.001546623430578346)
(37.149999999999999, 0.021975749640884026)
(24.390000000000001, 0.017916884724167317)
(20.390000000000001, 0.0020343998400359485)
(43.060000000000002, 0.0056581086749345113)
(9.6400000000000006, 0)
(36.969999999999999, 0)
(52.100000000000001, 0.030397195324228056)
(7.4199999999999999, 1)
(12.93, 0.048350466451225357)
(13.66, 0)
(38.789999999999999, 0)
(17.91, 0.03465621715009732)
(6.3300000000000001, 0.83469496108916486)
(46.240000000000002, 0.022121514292463514)
(16.120000000000001, 0.012760543347681667)
(14.81, 0.0025245564338980146)
(16.120000000000001, 0.043379525463272346)
(36.219999999999999, 0.0099706525255334379)
(17, 0.012871745494638943)
(17.879999999999999, 0)
(7.9100000000000001, 0.051254976497191337)
(28.329999999999998, 0.047303588373464767)
(26.640000000000001, 0.0059387104598469633)
(28.91, 0.019867690443366098)
(5.3300000000000001, 0)
(37.600000000000001, 0.017885949125781314)
(33.630000000000003, 0.012360735520793963)
(11, 0.028074017098040027)
(42.619999999999997, 0.44197399681670368)
(38.969999999999999, 0.0058325032111325318)
(41.810000000000002, 0.054507227547630523)
(15, 0.0055383071379165932)
(37.880000000000003, 0.0019616593502351401)
(36.240000000000002, 0.5224624161949869)
(3.8999999999999999, 0.17107573614507252)
(23.82, 0.0023323223821400097)
(10.94, 0)
(26.489999999999998, 0.31657139358771041)
(8.9000000000000004, 0.0028008558953613407)
(26.879999999999999, 0.027338720408059937)
(34.280000000000001, 0.020047265357439323)
(7.2300000000000004, 0.0079065013870846454)
(20.899999999999999, 0)
(16.789999999999999, 0.007296056225385269)
(19.949999999999999, 0)
(32.289999999999999, 0.060923131214530232)
(5.7599999999999998, 0.14609301657564339)
(8.0800000000000001, 0)
(9.2300000000000004, 0.51333422869507916)
(19.120000000000001, 0.050531325699740864)
(8.5700000000000003, 0)
(30.890000000000001, 0.071686823098108601)
(31.579999999999998, 0.019729841368996685)
(15.300000000000001, 0.010704122521740312)
(17.559999999999999, 0.001767335841148324)
(6.9100000000000001, 0.0024111287889596929)
(42.759999999999998, 0)
(22.57, 0.11623255621837386)
(10.06, 0.078475775827308442)
(18.82, 0.53832727152074067)
(28.309999999999999, 0.012285597315222465)
(31.120000000000001, 0)
(10.51, 0)
(6.1299999999999999, 0.064766424918993662)
(37.020000000000003, 0.07973086857914613)
(37.130000000000003, 0)
(50.130000000000003, 0.054845624223831282)
(42.710000000000001, 0.0073390856229157237)
(15.58, 0.0024283412777808453)
(47.670000000000002, 0.21440465407981521)
(27.670000000000002, 0.49584819795604718)
(9.0600000000000005, 0.15054911481506231)
(22.260000000000002, 0)
(24.5, 0.034705921619217948)
(32.740000000000002, 0)
(44.200000000000003, 0)
(17.899999999999999, 0)
(37.920000000000002, 0.0062908717785473004)
(24.43, 0.082911334958037458)
(19.640000000000001, 0.096260919091047892)
(7.9100000000000001, 0.005677062466116033)
(10.09, 0.083966733384719744)
(24.350000000000001, 0.099985324738633988)
(37.710000000000001, 0.027246735779803116)
(16.920000000000002, 0.047546820535825977)
(49.369999999999997, 0.030623507469798979)
(22.41, 0.016494317655869398)
(40.979999999999997, 0)
(9.3699999999999992, 0.035900263022916525)
(45.310000000000002, 0)
(29.43, 0.014337357559589325)
(8.1999999999999993, 0.015409805401827506)
(33.710000000000001, 0.016013780439037246)
(12.09, 0.056839592560572035)
(12.029999999999999, 0.13515433608012728)
(8.8000000000000007, 0.10441703167543145)
(23.989999999999998, 0.97438078196048994)
(11.800000000000001, 0.038635656974085476)
(7.1399999999999997, 0.013142723944554425)
(45.719999999999999, 0.2287332082200636)
(55.469999999999999, 1)
(28.489999999999998, 1)
(46.32, 1)
(34.490000000000002, 1)
(27.510000000000002, 1)
(14.449999999999999, 1)
(41.289999999999999, 1)
(5.1500000000000004, 1)
(24.34, 1)
(13.58, 1)
(46.140000000000001, 1)
(9.6699999999999999, 1)
(10.220000000000001, 1)
(22.350000000000001, 1)
(8.4199999999999999, 1)
(7.5099999999999998, 1)
(34.719999999999999, 1)
(9.1899999999999995, 1)
(54.950000000000003, 1)
(25.609999999999999, 1)
(6.9299999999999997, 1)
(4.9500000000000002, 1)
(6.5700000000000003, 1)
(37.189999999999998, 0.94084098234006242)
(48.119999999999997, 1)
(39.289999999999999, 1)
(43.229999999999997, 0.90953128146044449)
(21.32, 1)
(17.68, 1)
(56.789999999999999, 1)
(29.5, 1)
(39.409999999999997, 0.87038781879304361)
(29.98, 1)
(31.370000000000001, 1)
(30.52, 1)
(8.1699999999999999, 1)
(51.32, 1)
(23.91, 0.97986239696254851)
(30.829999999999998, 1)
(40.210000000000001, 1)
(10.859999999999999, 0.97731934689876898)
(35.380000000000003, 1)
(23.469999999999999, 1)
(42.869999999999997, 0.92660305744424709)
(36.030000000000001, 1)
(40.909999999999997, 1)
(37.140000000000001, 1)
(21.649999999999999, 1)
(33.100000000000001, 1)
(16.719999999999999, 1)
(6, 1)
(48.700000000000003, 1)
(51.560000000000002, 1)
(43.859999999999999, 1)
(23.809999999999999, 1)
(29.050000000000001, 1)
(50.369999999999997, 1)
(47.149999999999999, 1)
(32.329999999999998, 1)
(33.049999999999997, 1)
(18.859999999999999, 1)
(49.530000000000001, 1)
(36.57, 1)
(7.6100000000000003, 1)
(16.100000000000001, 1)
(29.98, 1)
(16.600000000000001, 1)
(31.41, 1)
(15.609999999999999, 1)
(37.100000000000001, 1)
(43.039999999999999, 1)
(36.640000000000001, 1)
(22.260000000000002, 1)
(37.130000000000003, 0.56627190963127672)
(37.939999999999998, 1)
(34.75, 1)
(48.240000000000002, 1)
(34.740000000000002, 1)
(41.490000000000002, 0.81548183557958609)
(46.030000000000001, 1)
(13.66, 1)
(48.719999999999999, 1)
(18.780000000000001, 1)
(4.2699999999999996, 1)
(36.310000000000002, 1)
(34.060000000000002, 1)
(41.770000000000003, 1)
(19.469999999999999, 1)
(43.409999999999997, 1)
(13.82, 1)
(45.950000000000003, 1)
(8.1699999999999999, 0.80689824846211178)
(33.439999999999998, 1)
(12.74, 1)
(30.68, 1)
(40.700000000000003, 0.99005870850596367)
(30.140000000000001, 1)
(38.649999999999999, 0.63348317407772636)
(15.029999999999999, 1)
(13.619999999999999, 1)
(4.9500000000000002, 1)
(9.7400000000000002, 1)
(35, 0.97282890281655221)
(46.380000000000003, 1)
(40.229999999999997, 1)
(47.460000000000001, 1)
(47.799999999999997, 1)
(15.27, 1)
(23.879999999999999, 1)
(5.4500000000000002, 0.9899576790015161)
(33.299999999999997, 1)
(8.5299999999999994, 1)
(48.520000000000003, 1)
(7.79, 1)
(14.710000000000001, 1)
(38.159999999999997, 1)
(37.229999999999997, 1)
(25.16, 1)
(12.640000000000001, 1)
(27.780000000000001, 0.90610489294328223)
(38.75, 0.79632037500279262)
(40.649999999999999, 1)
(15.66, 1)
(46.689999999999998, 1)
(40.329999999999998, 1)
(25.010000000000002, 1)
(20.989999999999998, 1)
(18.16, 1)
(4.0899999999999999, 1)
(12, 1)
(13.67, 1)
(20.949999999999999, 1)
(12.970000000000001, 1)
(34.840000000000003, 1)
(19.02, 1)
(4.5599999999999996, 1)
(52.109999999999999, 1)
(20.739999999999998, 1)
(32.200000000000003, 1)
(7.8799999999999999, 1)
(4.4400000000000004, 1)
(7, 1)
(26.510000000000002, 1)
(47.979999999999997, 0.95216521725819192)
(4.9800000000000004, 1)
(22.66, 1)
(12.81, 1)
(22.59, 1)
(44.770000000000003, 1)
(27.18, 1)
(37.259999999999998, 1)
(46.219999999999999, 1)
(45.880000000000003, 1)
(51.700000000000003, 1)
(6.7199999999999998, 1)
(40.770000000000003, 1)
(48.399999999999999, 1)
(48.539999999999999, 0.93656497864864419)
(39.130000000000003, 1)
(17.039999999999999, 1)
(45.420000000000002, 1)
(23.460000000000001, 1)
(33.490000000000002, 0.99230583789346039)
(13.279999999999999, 1)
(24.149999999999999, 1)
(31.809999999999999, 1)
(9.0399999999999991, 1)
(20.02, 1)
(32.810000000000002, 1)
(27.68, 1)
(38.159999999999997, 1)
(35.710000000000001, 1)
(33.039999999999999, 1)
(41.539999999999999, 1)
(27.829999999999998, 1)
(44.170000000000002, 1)
(31.93, 1)
(41.890000000000001, 1)
(44.549999999999997, 1)
(8.6999999999999993, 1)
(40.420000000000002, 1)
(23.789999999999999, 1)
(16.98, 1)
(13.44, 1)
(51.390000000000001, 1)
(16.77, 1)
(20.239999999999998, 0.98959211197816166)
(15.99, 1)
(44.369999999999997, 1)
(35.82, 1)
(47.939999999999998, 1)
(19.449999999999999, 1)
(40.130000000000003, 1)
(31.170000000000002, 1)
(26.010000000000002, 1)
(42.259999999999998, 1)
(3.8399999999999999, 1)
(29.23, 1)
(32.880000000000003, 1)
(8.7599999999999998, 1)
(40.159999999999997, 1)
(44.229999999999997, 1)
(50.530000000000001, 1)
(10.529999999999999, 1)
(14.57, 1)
(5.5700000000000003, 1)
(7.1699999999999999, 1)
(10.4, 1)
(40.350000000000001, 1)
(14.19, 1)
(11.31, 1)
(55.450000000000003, 0.98363987910714457)
(49.229999999999997, 1)
(5.2000000000000002, 0.91598213295402198)
(30.600000000000001, 1)
(32.939999999999998, 1)
(46.670000000000002, 1)
(29.530000000000001, 1)
(17.539999999999999, 1)
(41.109999999999999, 1)
(11.82, 1)
(33.829999999999998, 1)
(26.710000000000001, 1)
(17.050000000000001, 1)
(40.450000000000003, 1)
(46.640000000000001, 1)
(39.469999999999999, 1)
(30.399999999999999, 1)
(11.41, 1)
(21.379999999999999, 0.99045223830194984)
(15.56, 1)
(5.5999999999999996, 1)
(39.170000000000002, 1)
(44.340000000000003, 1)
(25.329999999999998, 1)
(29.829999999999998, 1)
(36.850000000000001, 1)
(44.909999999999997, 1)
(44.100000000000001, 1)
(23.149999999999999, 1)
(29.890000000000001, 1)
(16.59, 1)
(19.41, 1)
(11.92, 1)
(35.009999999999998, 1)
(16.789999999999999, 1)
(13.470000000000001, 1)
(42.93, 1)
(58.149999999999999, 1)
(5.1100000000000003, 0.99283773641426731)
(39.890000000000001, 0.94515489331618119)
(5.9000000000000004, 1)
(9.9900000000000002, 1)
(26.280000000000001, 1)
(13.029999999999999, 1)
(36.310000000000002, 1)
(52.329999999999998, 1)
(14.890000000000001, 1)
(17.210000000000001, 1)
(5.9699999999999998, 1)
(32.079999999999998, 1)
(48.25, 1)
(4.4199999999999999, 1)
(16.219999999999999, 1)
(13.890000000000001, 1)
(15.59, 1)
(26.27, 1)
(48.68, 1)
(43.890000000000001, 1)
(44.649999999999999, 1)
(41.829999999999998, 1)
(39.68, 1)
(38.299999999999997, 1)
(14, 1)
(15.81, 1)
(44.539999999999999, 1)
(14.369999999999999, 1)
(33.259999999999998, 1)
(41.450000000000003, 1)
(32.210000000000001, 1)
(22.48, 1)
(34.100000000000001, 1)
(34.939999999999998, 1)
(36.439999999999998, 1)
(41.579999999999998, 1)
(36.460000000000001, 1)
(38.799999999999997, 1)
(19.670000000000002, 1)
(20.41, 1)
(36.229999999999997, 1)
(43.270000000000003, 1)
(39.979999999999997, 1)
(47.490000000000002, 1)
(14.69, 1)
(24.02, 1)
(39.82, 1)
(39.649999999999999, 1)
(25.52, 1)
(32.969999999999999, 1)
(37.479999999999997, 1)
(42.310000000000002, 1)
(31, 1)
(49.859999999999999, 1)
(12.92, 1)
(35.509999999999998, 1)
(41.009999999999998, 0.99184514505700538)
(21.789999999999999, 1)
(16.670000000000002, 0.98133534359302332)
(42.740000000000002, 1)
(42.530000000000001, 1)
(14.289999999999999, 1)
(42.590000000000003, 1)
(14.26, 1)
(33.630000000000003, 1)
(23.239999999999998, 1)
(5.6299999999999999, 1)
(16.859999999999999, 1)
(33.25, 0.98394768106832331)
(28.620000000000001, 1)
(33.020000000000003, 1)
(15.83, 1)
(44.100000000000001, 1)
(14.6, 1)
(48.869999999999997, 1)
(33.960000000000001, 1)
(41.090000000000003, 1)
(39.149999999999999, 1)
(17.399999999999999, 1)
(42.530000000000001, 1)
(12.390000000000001, 1)
(23.359999999999999, 1)
(28.399999999999999, 1)
(52.57, 1)
(24.48, 1)
(41.890000000000001, 1)
(18.699999999999999, 1)
(31.370000000000001, 1)
(41.060000000000002, 1)
(26.370000000000001, 1)
(47.859999999999999, 1)
(19.359999999999999, 1)
(48.450000000000003, 1)
(29.309999999999999, 1)
(31.84, 1)
(21.859999999999999, 1)
(11, 1)
(41.100000000000001, 1)
(11.550000000000001, 1)
(12.01, 1)
(24.84, 0.9228092079028648)
(27.18, 1)
(8.6400000000000006, 1)
(23.02, 1)
(7.8899999999999997, 1)
(3.8199999999999998, 1)
(41.439999999999998, 1)
(46.950000000000003, 1)
(20.329999999999998, 1)
(4.3399999999999999, 1)
(36.240000000000002, 1)
(13.390000000000001, 1)
(47.310000000000002, 1)
(39.130000000000003, 1)
(6.8399999999999999, 1)
(30.210000000000001, 1)
(31.149999999999999, 1)
(33.270000000000003, 1)
(11.09, 1)
(3.8100000000000001, 1)
(27.989999999999998, 1)
(7.8399999999999999, 1)
(10.09, 1)
(9.6199999999999992, 1)
(17.890000000000001, 1)
(42.789999999999999, 1)
(25.77, 1)
(28.93, 1)
(47.32, 1)
(52.07, 1)
(20.309999999999999, 1)
(47.539999999999999, 1)
(16.760000000000002, 1)
(8.5199999999999996, 1)
(21.23, 1)
(43.490000000000002, 1)
(11.93, 1)
(13.83, 1)
(16.359999999999999, 1)
(24.140000000000001, 1)
(19.120000000000001, 1)
(9.3200000000000003, 1)
(29.16, 1)
(25.34, 1)
(25.93, 1)
(26.219999999999999, 1)
(44.780000000000001, 1)
(20.27, 1)
(49.479999999999997, 1)
(13.960000000000001, 1)
(44.869999999999997, 1)
