(0.084080867986370406, 0)
(0.10638492171052484, 0)
(0.046492276784966306, 0.0024601852778156565)
(0.095537126449587284, 0)
(0.17795865114976517, 0)
(0.095996837586431363, 0)
(0.14096716493889769, 0)
(0.018366732589898904, 0.2061741722632994)
(0.16377459780208636, 0)
(0.02635211469674488, 0.032183668821976208)
(0.12803683742704861, 0)
(0.15974915119151412, 0)
(0.15263513373363044, 0)
(0.066613244317350481, 0)
(0.067443479175585172, 0)
(0.094723942185325122, 0)
(0.15196795338317867, 0)
(0.17103153017990599, 0)
(0.16033765935924005, 0)
(0.023370207858272381, 0.024820123442024073)
(0.074391158907880089, 0)
(0.11601832774522552, 0)
(0.15841524194795806, 0)
(0.024927699770991688, 0.062175816314928321)
(0.046302071619681057, 0)
(0.12611146589142944, 0)
(0.15498830423504417, 0)
(0.072644008937774424, 0)
(0.1199864007250324, 0)
(0.18715141941558228, 0)
(0.020665203249495112, 0.15048078669819792)
(0.02765038758243768, 0.0078709347954496727)
(0.18192234401165722, 0)
(0.11228099245669937, 0)
(0.14724489675309566, 0)
(0.065881567556263509, 0)
(0.030644241251712383, 0.014570946647065737)
(0.19921354726436763, 0)
(0.069178772992013582, 0)
(0.15196600603089014, 0)
(0.088188461603530388, 0)
(0.15262352825888445, 0)
(0.048745399606207392, 0)
(0.15471004334224425, 0)
(0.15873421370225357, 0)
(0.16068321163783481, 0)
(0.062492091152304682, 0)
(0.1987750603806463, 0)
(0.055902518453002786, 0)
(0.19637793841757389, 0)
(0.13371515730765562, 0)
(0.074639435035762175, 0)
(0.045960142029027748, 0)
(0.047113037685072086, 0)
(0.1793610181511468, 0)
(0.11497174640290658, 0)
(0.169588102385795, 0)
(0.14390399740057086, 0)
(0.19618944254890261, 0)
(0.15819134556044068, 0)
(0.034246812486979861, 0.0081900892398972594)
(0.061202897819576836, 0)
(0.098983088338042938, 0)
(0.13522830193123417, 0)
(0.089387870154342908, 0)
(0.17121096993764739, 0)
(0.086688465250711652, 0)
(0.053895966771155629, 0)
(0.034209981563445409, 0.0083859647476671861)
(0.092213901148405483, 0)
(0.13967109633561139, 0)
(0.067369401426366632, 0)
(0.19071281933640016, 0)
(0.12432795704807487, 0)
(0.17946900824282633, 0)
(0.11407513763702479, 0)
(0.19565374008273892, 0)
(0.16012289203528415, 0)
(0.010000789754506509, 0.21201070183872042)
(0.16356319185141913, 0)
(0.10018905171387911, 0)
(0.044687972388849646, 0)
(0.028439121595793412, 0.011163870625613772)
(0.11246613759406018, 0)
(0.019517394132786088, 0.19367411545075228)
(0.11467783867404266, 0)
(0.13911942910181851, 0)
(0.041849410371451866, 0)
(0.067749390187563582, 0)
(0.16782011875775893, 0)
(0.088034174324041967, 0)
(0.10443516270801317, 0)
(0.14560300981470436, 0)
(0.12675694590622349, 0)
(0.15104045940215607, 0)
(0.067536280190732378, 0)
(0.18470120448458868, 0)
(0.054557714792228901, 0)
(0.085428894628155741, 0)
(0.15756886579417542, 0)
(0.10093397355190688, 0)
(0.094300209297029702, 0)
(0.14982704726021417, 0)
(0.13637812573611358, 0)
(0.14935944126519754, 0)
(0.15673057653687741, 0)
(0.088393942210062512, 0)
(0.028015277834722845, 0.047837982104591656)
(0.089519691508130703, 0)
(0.18593530165176134, 0)
(0.17039069313736496, 0)
(0.088124565178594141, 0)
(0.016307580515620902, 0.81042928618166621)
(0.088068404164502331, 0)
(0.11168985051167939, 0)
(0.16636698705749656, 0)
(0.07624518671883497, 0)
(0.14139554709929161, 0)
(0.12435814554734959, 0)
(0.15942873971723456, 0)
(0.091022943929119221, 0)
(0.076499909570579977, 0)
(0.13945835938387188, 0)
(0.11369554538745276, 0)
(0.17070830529146591, 0)
(0.10763709144075187, 0)
(0.11140936762973122, 0)
(0.11550641246645461, 0)
(0.014225489322652007, 0.43928904154243975)
(0.14246037936223324, 0)
(0.069268418020782693, 0)
(0.12727837282133039, 0)
(0.14981908546783018, 0)
(0.018822313520544171, 0.8850812961983564)
(0.078833440548942119, 0)
(0.17700433167146398, 0)
(0.17786370529923445, 0)
(0.031123465233943208, 0.031497100954878697)
(0.13012574005630656, 0)
(0.092895919407019883, 0)
(0.07676938859197327, 0)
(0.13355478920831051, 0)
(0.15933264593591806, 0)
(0.15191893451971789, 0)
(0.18643291803379081, 0)
(0.067291693745835296, 0)
(0.0791536950492637, 0)
(0.13326291130346213, 0)
(0.028254096886828339, 0.051252239855470116)
(0.078073323872710321, 0)
(0.16542053241609533, 0)
(0.058370361088562167, 0)
(0.093520460210418044, 0)
(0.10112288694421744, 0)
(0.19881316514553135, 0)
(0.18110238435447085, 0)
(0.1850986738220767, 0)
(0.048120457925347616, 0)
(0.070250200548519673, 0)
(0.024700093726609994, 0.066980379755936362)
(0.10713507366773983, 0)
(0.19063168959800025, 0)
(0.19042624690004223, 0)
(0.090174451993650581, 0)
(0.068888484400847369, 0)
(0.18341164265808732, 0)
(0.07313481099420438, 0)
(0.14384019396732087, 0)
(0.18061590027073551, 0)
(0.045078736136287267, 0.0018905819236772548)
(0.022956089808012281, 0.31516958120871863)
(0.046344165383566338, 0)
(0.16351502463528822, 0)
(0.06599140618042551, 0)
(0.17944455046809743, 0)
(0.15416682997960715, 0)
(0.14875528556809633, 0)
(0.13505655047851309, 0)
(0.058478381747418623, 0)
(0.055267287225659073, 0)
(0.12569460207731753, 0)
(0.08162497527898635, 0)
(0.045865459016478594, 0)
(0.10017344197834729, 0)
(0.078251519605639669, 0)
(0.093283242219753745, 0)
(0.10653681135282241, 0)
(0.16016951077174887, 0)
(0.091816321468817047, 0)
(0.17264835990007665, 0)
(0.097057743705707106, 0)
(0.12449107062376594, 0)
(0.10874797820318459, 0)
(0.085124738761719457, 0)
(0.051269609980387522, 0)
(0.078367644556800481, 0)
(0.018659086304964316, 0.97438078196048994)
(0.088017226710176269, 0)
(0.12175157569901811, 0)
(0.038037069348878273, 0)
(0.12174532861542399, 0)
(0.19485067599080746, 0)
(0.10948442335998608, 0)
(0.12937241545005593, 0)
(0.15641173924605245, 0)
(0.19319688960049322, 0)
(0.17483193341010012, 0)
(0.16751157316678639, 0)
(0.15638938622664497, 0)
(0.10788136689518023, 0)
(0.11935190716912358, 0)
(0.044860761293716175, 0.0033291080503329582)
(0.13922432052832845, 0)
(0.14453327321072285, 0)
(0.10444811774736895, 0)
(0.04255261153808991, 0.0031194132556268475)
(0.049704123549795892, 0.0019314304984186261)
(0.084738540751367122, 0)
(0.16711817505538221, 0)
(0.15564278705909385, 0)
(0.04649333377918996, 0)
(0.097032281338758311, 0)
(0.064873021859794142, 0)
(0.01484225826885357, 0.94084098234006242)
(0.042293478780748364, 0)
(0.040493461281508471, 0.0020433179639478363)
(0.014126334058754448, 0.91328240658807913)
(0.028749755851435875, 0.063729848359194846)
(0.15842330642163993, 0)
(0.19274991993980753, 0)
(0.062221382537079595, 0.0021169575853164351)
(0.013498774408242188, 0.87238878621453342)
(0.19969616215267277, 0)
(0.046670763389515264, 0)
(0.070431281913607341, 0)
(0.18029995814472316, 0)
(0.030681010442762557, 0.016311535244234315)
(0.020118740871773511, 0.97986239696254851)
(0.16112858827413243, 0)
(0.16968638170913647, 0)
(0.018822538960920926, 0.97731934689876898)
(0.15888397738679011, 0)
(0.032025095812981179, 0.0098554712954033227)
(0.016764249448119564, 0.93575696715950207)
(0.083339121426165494, 0)
(0.089023994750391702, 0)
(0.029060518124028253, 0.064821040804988392)
(0.18823969479560845, 0)
(0.033921437072971322, 0.016631528151053166)
(0.1151566288682154, 0)
(0.15870106249813754, 0)
(0.14749969912635016, 0)
(0.17716040051961818, 0)
(0.17697014861233884, 0)
(0.071917659078320081, 0)
(0.098350443008504554, 0)
(0.11836844973044522, 0)
(0.09787249761362217, 0)
(0.10276639029067962, 0)
(0.05936193542786513, 0)
(0.13678302465977882, 0)
(0.16198311420829264, 0)
(0.19600912204658019, 0)
(0.1802392346651486, 0)
(0.070359799188870822, 0)
(0.19333729403262528, 0)
(0.16372298599785845, 0)
(0.16240494681702081, 0)
(0.11627053120623322, 0)
(0.085555581100450612, 0)
(0.16631705776620101, 0)
(0.056407384516651275, 0)
(0.085872634656827776, 0)
(0.092834085378580247, 0)
(0.060530711081584483, 0)
(0.14068590765910738, 0)
(0.047052097460044386, 0)
(0.16748503986624877, 0)
(0.011773871271300924, 0.82259685120827675)
(0.063105098835069054, 0)
(0.16001995342983463, 0)
(0.14736760786189235, 0)
(0.14141430970875643, 0)
(0.044766616564191175, 0.0050784729694786862)
(0.076731901940022926, 0)
(0.18863073640129244, 0)
(0.092683051414390982, 0)
(0.19954460855490799, 0)
(0.058137927255142767, 0)
(0.090588918474128075, 0)
(0.049685547009298635, 0.0011407751915559982)
(0.010232157131589006, 0.80338193937904123)
(0.13508516832460424, 0)
(0.082669075618441876, 0)
(0.12615792345973523, 0)
(0.017739239340855688, 0.99005870850596367)
(0.09475671099400533, 0)
(0.012235735075798924, 0.84170352650585356)
(0.07656113405346246, 0)
(0.066052499904036902, 0)
(0.11558166296805267, 0)
(0.14700787746209487, 0)
(0.018561356620967376, 0.97282890281655221)
(0.15801284450156861, 0)
(0.14484648248607432, 0)
(0.05934544025036461, 0)
(0.18824132041775504, 0)
(0.16903369915533581, 0)
(0.083357460500026792, 0)
(0.015719559846767338, 0.9899576790015161)
(0.15375228361939708, 0)
(0.028836581296455492, 0.056961933912384299)
(0.076008994121183254, 0)
(0.18680984804255374, 0)
(0.024850218041401067, 1)
(0.093767478926009479, 0)
(0.085053982434126013, 0)
(0.14974140408090875, 0)
(0.12475969541842306, 0)
(0.01315047300588151, 0.9166664494291813)
(0.010676647396438664, 0.81266338302798635)
(0.15243996717928551, 0)
(0.083587181139148134, 0)
(0.19416691468045441, 0)
(0.049390152201172821, 0)
(0.12738135555223765, 0)
(0.09489774490732826, 0)
(0.11587611055600695, 0)
(0.17176914082715844, 0)
(0.069706471471018425, 0)
(0.12533982532879623, 0)
(0.029812296646848445, 0.071593379595097997)
(0.073543701690524335, 0)
(0.10773721616043111, 0)
(0.082471668257215899, 0)
(0.12390656478131244, 0)
(0.15430437588789742, 0)
(0.19001670752282621, 0)
(0.090012991041272444, 0)
(0.043763592946298474, 0.002855261552452287)
(0.03930259055032885, 0.016452454869022973)
(0.11457277742577772, 0)
(0.10596310882959238, 0)
(0.015429660532421816, 0.95405539146271523)
(0.11906332201473829, 0)
(0.041707692511094234, 0)
(0.02325980003909172, 1)
(0.15182934472950535, 0)
(0.16655828028946842, 0)
(0.036399961266033676, 0.013869920509346554)
(0.18573850812183287, 0)
(0.04782835450500901, 0.0018905975920454109)
(0.021073128353756722, 1)
(0.14847342859598425, 0)
(0.10470522641202716, 0)
(0.073908725231435449, 0)
(0.13708034261288154, 0)
(0.013107026019692457, 0.93874907611883329)
(0.053745965318352892, 0)
(0.15062923126613448, 0)
(0.043725490971594526, 0.0068908611480051063)
(0.099818294934358551, 0)
(0.017772155261393609, 0.99230583789346039)
(0.094983190401637774, 0)
(0.084257585433246074, 0)
(0.10690427880149476, 0)
(0.086498413050050862, 0)
(0.022980355905015903, 1)
(0.14874817301783469, 0)
(0.17864783543642188, 0)
(0.1046387379547169, 0)
(0.061493209136991293, 0)
(0.10088119273398514, 0)
(0.08950392269724268, 0)
(0.033765603495958481, 0.01804033421663085)
(0.19537977587673111, 0)
(0.12165388901319373, 0)
(0.056149733896349599, 0)
(0.16801035480390136, 0)
(0.14107562141923588, 0)
(0.073408318609595402, 0)
(0.075823448861089979, 0)
(0.11513414295902336, 0)
(0.12407386104922226, 0)
(0.027791949341815787, 1)
(0.15084923886683618, 0)
(0.016728683557779428, 0.98959211197816166)
(0.16710447695266828, 0)
(0.11452180036035543, 0)
(0.18844772740081667, 0)
(0.14474834457515709, 0)
(0.1414479090629446, 0)
(0.073771234339804981, 0)
(0.085942489685872286, 0)
(0.098676390048136789, 0)
(0.040724028340459441, 0)
(0.035535239680454446, 0.0095199023766365971)
(0.19962579429542651, 0)
(0.057831510324757467, 0)
(0.15214764922950949, 0)
(0.1750507697738849, 0)
(0.05012032483099154, 0)
(0.19681093531793975, 0)
(0.074093826228009224, 0)
(0.045608097704931343, 0.0048687366264963394)
(0.090375480176556333, 0)
(0.04102032029183076, 0.0051626371144435851)
(0.18675851497029608, 0)
(0.15166028058004302, 0)
(0.11993387128254003, 0)
(0.19812482003205911, 0)
(0.01624237488075159, 0.98363987910714457)
(0.1686417297605014, 0)
(0.010862178300677806, 0.91598213295402198)
(0.11683171810949411, 0)
(0.12375192577529678, 0)
(0.064536568923857077, 0)
(0.064089113820088153, 0)
(0.036860307119787189, 0.0094196620579325326)
(0.094055713236791613, 0)
(0.034022663754307791, 0.040426788870520321)
(0.031475369532298604, 0.057835367964498022)
(0.048131573259499398, 0.0019452530428201891)
(0.16279906943455016, 0)
(0.19765589052943108, 0)
(0.15332144882078516, 0)
(0.084609438307073515, 0)
(0.05779745836810446, 0)
(0.18161785645338829, 0)
(0.017973324374635995, 0.99045223830194984)
(0.065979912439734556, 0)
(0.16539696243011953, 0)
(0.11784891595334483, 0)
(0.16622295354585717, 0)
(0.15324703670256676, 0)
(0.089096349617819551, 0)
(0.035115324747870394, 0.015256333804515269)
(0.10548655426526517, 0)
(0.084157423540125051, 0)
(0.098325657134699831, 0)
(0.18754108453171922, 0)
(0.15433330587922753, 0)
(0.17361375994061379, 0)
(0.08363041938457301, 0)
(0.051234770367021357, 0)
(0.059955513497296886, 0)
(0.085810530504280669, 0)
(0.1545008571483095, 0)
(0.17004213407683413, 0)
(0.023610602144111835, 0.99283773641426731)
(0.012070686526417991, 0.95715669009126347)
(0.080957492968495567, 0)
(0.08453354462683213, 0)
(0.14309987146960562, 0)
(0.01949913652358605, 1)
(0.096327461196526534, 0)
(0.07255423016647719, 0)
(0.11448762020778243, 0)
(0.10902425545357966, 0)
(0.097170300290043338, 0)
(0.12010305714017561, 0)
(0.18217436084594957, 0)
(0.11898771127758963, 0)
(0.16958471713525514, 0)
(0.069651249114681124, 0)
(0.093469238705399818, 0)
(0.019644929733285972, 1)
(0.09119842489372236, 0)
(0.10457744945279487, 0)
(0.022957811446630973, 1)
(0.12905887152434301, 0)
(0.13608350450369655, 0)
(0.16673879254321386, 0)
(0.10541589677734792, 0)
(0.056987529655374146, 0)
(0.061936171076553394, 0)
(0.090237754006107271, 0)
(0.02436063461114903, 1)
(0.16661368097243445, 0)
(0.13626886713743763, 0)
(0.11412629004935926, 0)
(0.10546331977640147, 0)
(0.032925993482312205, 0.022353112193816308)
(0.051192890146408085, 0)
(0.1181866073734533, 0)
(0.1286824971269854, 0)
(0.13995938969563962, 0)
(0.08460617123328186, 0)
(0.16339870897190611, 0)
(0.15034339819731679, 0)
(0.063941708513482395, 0)
(0.063110271125693715, 0)
(0.12559342288426478, 0)
(0.19143941952375984, 0)
(0.17172396365995216, 0)
(0.19117403287265589, 0)
(0.15180479561951352, 0)
(0.087492091086722262, 0)
(0.042438577098779087, 0)
(0.14072112516504467, 0)
(0.098200638198948656, 0)
(0.19447100537243361, 0)
(0.18258480926552581, 0)
(0.021149014749079362, 1)
(0.14698224644461122, 0)
(0.015167794148343908, 0.99184514505700538)
(0.021624594880580432, 1)
(0.013965714103428601, 0.98133534359302332)
(0.087678172980066513, 0)
(0.030542354412077123, 1)
(0.098414743340466931, 0)
(0.12132495847743999, 0)
(0.12125944912274117, 0)
(0.098025196862000244, 0)
(0.07842344818638218, 0)
(0.18942591346595178, 0)
(0.1532160652835895, 0)
(0.014817687040340782, 0.98394768106832331)
(0.062175107247717874, 0)
(0.18305159936090923, 0)
(0.041388622081596493, 0.007065682943219769)
(0.1665039578949408, 0)
(0.049380313315045506, 0)
(0.068505844179239814, 0)
(0.051913282374053349, 0)
(0.14064692598460229, 0)
(0.095081683565580624, 0)
(0.075012595974381424, 0)
(0.065407714026718855, 0)
(0.19690926489684241, 0)
(0.14650483759818644, 0)
(0.036984178093505279, 0.09248255856875047)
(0.17346628562929936, 0)
(0.050297843258630751, 0)
(0.1750024250856804, 0)
(0.16905941311241546, 0)
(0.043111653174512168, 0)
(0.18452011275204186, 0)
(0.045600429658594614, 0)
(0.13493465558007278, 0)
(0.06675812029820663, 0)
(0.07690256230821664, 0)
(0.18219477200794415, 0)
(0.095965410116337677, 0)
(0.030284328227322008, 1)
(0.18630673984518431, 0)
(0.064059866564408277, 0)
(0.12606810273785266, 0)
(0.033849104040820963, 0.049204030680465076)
(0.010474438247532835, 0.92498069958262308)
(0.19463384653134749, 0)
(0.1267645078834187, 0)
(0.024254608793183158, 1)
(0.17857643061561179, 0)
(0.18486172151132435, 0)
(0.14657905303196023, 0)
(0.0505139886635965, 0)
(0.12280570225616425, 0)
(0.11433644155932468, 0)
(0.19284232643294227, 0)
(0.13712688298962677, 0)
(0.079894771178514901, 0)
(0.018794520814562128, 1)
(0.19441084537527273, 0)
(0.12430290916690917, 0)
(0.15818841752932344, 0)
(0.046340591821749655, 0.0021016173656100315)
(0.19442377898456725, 0)
(0.092865151029306453, 0)
(0.17579173643479429, 0)
(0.067850234279509328, 0)
(0.062112124274263304, 0)
(0.065184679763865869, 0)
(0.079246833390518134, 0)
(0.13517904337991049, 0)
(0.1287289328325695, 0)
(0.075006436816075314, 0)
(0.11699978672312107, 0)
(0.021051148807250002, 1)
(0.15013891273141358, 0)
(0.11712161630018821, 0)
(0.10166856485756208, 0)
(0.092885245388084917, 0)
(0.17085208002806035, 0)
(0.12759396286619587, 0)
(0.19488819506879623, 0)
(0.19433120648709423, 0)
(0.16962164963782403, 0)
(0.16036968140076438, 0)
(0.07327406843961877, 0)
(0.042122186818741997, 0.0032983602667645568)
(0.18151292855175499, 0)
(0.18835442728217075, 0)
(0.029202685480733459, 0.076525055298814731)
(0.1347022830751968, 0)
(0.12054677696431212, 0)
(0.019163096019606203, 1)
(0.015868692240390829, 1)
(0.13956687350993582, 0)
(0.14323509690827643, 0)
