(13.050000000000001, 0)
(47.039999999999999, 0.021405678483320003)
(23.620000000000001, 0)
(10.01, 0)
(46.539999999999999, 0)
(3.79, 0)
(27.75, 0)
(25.170000000000002, 0)
(21.399999999999999, 0)
(24.050000000000001, 0)
(29.289999999999999, 0)
(34.590000000000003, 0)
(35.780000000000001, 0)
(26.57, 0)
(33.130000000000003, 0.002131565210271994)
(17.030000000000001, 0)
(34.75, 0)
(22.739999999999998, 0.06643494777926455)
(23.510000000000002, 0)
(41.840000000000003, 0)
(10.050000000000001, 0)
(50.490000000000002, 0)
(8.3300000000000001, 0)
(8.6899999999999995, 0)
(19.16, 0)
(51, 0.0017895595937456284)
(28.34, 0)
(28.219999999999999, 0)
(34.969999999999999, 0)
(21.039999999999999, 0.10373184971563869)
(11.27, 0)
(45.43, 0)
(51.670000000000002, 0)
(4.0700000000000003, 0)
(33.299999999999997, 0)
(32.920000000000002, 0)
(26.579999999999998, 0)
(18.77, 0)
(41.840000000000003, 0)
(33.68, 0)
(31.59, 0)
(10.630000000000001, 0.11509670116601314)
(13.449999999999999, 0)
(11.19, 0)
(31.5, 0)
(38.640000000000001, 0.14061302834001924)
(27.469999999999999, 0)
(44.32, 0)
(28.280000000000001, 0)
(35.93, 0)
(49.890000000000001, 0)
(14.9, 0)
(33.530000000000001, 0)
(20.789999999999999, 0)
(7.5, 0)
(5.0800000000000001, 0)
(24.75, 0)
(13.720000000000001, 0)
(7.4500000000000002, 0)
(5.6699999999999999, 0)
(14.67, 0)
(22.52, 0)
(20.329999999999998, 0)
(21.09, 0)
(12.140000000000001, 0)
(5.96, 0)
(4, 0.11125857526097249)
(49.119999999999997, 0)
(6.0499999999999998, 0)
(9.1600000000000001, 0)
(10.449999999999999, 0.20511188276711931)
(23.670000000000002, 0)
(41.640000000000001, 0)
(16.140000000000001, 0)
(22.350000000000001, 0)
(54.149999999999999, 0)
(7.0099999999999998, 0)
(40.659999999999997, 0)
(30.98, 0)
(47.090000000000003, 0)
(36.420000000000002, 0)
(51.969999999999999, 0)
(35.479999999999997, 0)
(47.200000000000003, 0)
(34.780000000000001, 0)
(16.5, 0)
(36.219999999999999, 0)
(45.240000000000002, 0)
(48.68, 0)
(53.729999999999997, 0)
(12.68, 0)
(36.329999999999998, 0.2521166537818279)
(48.030000000000001, 0.0018739394551024152)
(11.83, 0)
(37.969999999999999, 0)
(32.369999999999997, 0)
(14.029999999999999, 0)
(15.25, 0)
(16.350000000000001, 0)
(50.43, 0)
(19.57, 0.010970102211604852)
(28.75, 0)
(43.359999999999999, 0.0037121930940358619)
(42.399999999999999, 0)
(34.890000000000001, 0)
(27.16, 0)
(28.109999999999999, 0)
(12.99, 0)
(11.35, 0)
(37.170000000000002, 0)
(29.199999999999999, 0)
(17.699999999999999, 0)
(15.75, 0)
(21.079999999999998, 0.054550101126500404)
(27.489999999999998, 0)
(34.640000000000001, 0.45490667825232028)
(34.740000000000002, 0)
(45.759999999999998, 0)
(21.59, 0)
(24.879999999999999, 0)
(44.789999999999999, 0)
(30.07, 0.010943466950339686)
(9.7400000000000002, 0)
(49.119999999999997, 0)
(40.25, 0)
(30.52, 0)
(36.670000000000002, 0)
(29.530000000000001, 0)
(4.3200000000000003, 0)
(37.990000000000002, 0)
(9.4000000000000004, 0)
(10.73, 0)
(38.609999999999999, 0)
(47.899999999999999, 0)
(33.229999999999997, 0)
(8.6999999999999993, 0)
(3.9399999999999999, 0)
(20.140000000000001, 0)
(11.65, 0)
(11.16, 0)
(33.32, 0)
(15.26, 0)
(42.509999999999998, 0)
(4.9100000000000001, 0.26630174623648906)
(7.2400000000000002, 0)
(5.9699999999999998, 0)
(19.989999999999998, 0)
(26.190000000000001, 0)
(52.530000000000001, 0)
(13.460000000000001, 0)
(14.65, 0)
(22.75, 0)
(40.979999999999997, 0)
(37.850000000000001, 0)
(35.460000000000001, 0)
(30.239999999999998, 0)
(23.449999999999999, 0)
(10.890000000000001, 0)
(21.850000000000001, 0)
(52.140000000000001, 0)
(10.85, 0)
(49.18, 0)
(11.15, 0)
(35.549999999999997, 0)
(48.18, 0.0038807954265461897)
(20.420000000000002, 0)
(14.33, 0)
(48.140000000000001, 0)
(30.940000000000001, 0)
(5.4100000000000001, 0)
(4.5, 0)
(43.579999999999998, 0.0039443409475581545)
(11.4, 0.14869794454825488)
(23.850000000000001, 0)
(53.170000000000002, 0)
(26.079999999999998, 0)
(7.5199999999999996, 0)
(13.17, 0)
(26.23, 0)
(18.460000000000001, 0)
(48.520000000000003, 0)
(24.890000000000001, 0.36111034590646657)
(34.079999999999998, 0)
(29.370000000000001, 0)
(8.6799999999999997, 0.0068946362084399268)
(29.43, 0)
(33.539999999999999, 0)
(35.75, 0)
(9.9000000000000004, 0)
(11.449999999999999, 0)
(26.420000000000002, 0)
(5.0199999999999996, 0)
(49.969999999999999, 0.020010681623117175)
(26.93, 0.23769079552963723)
(12.24, 0)
(39.490000000000002, 0.0039980309701763781)
(22.350000000000001, 0)
(15.51, 0)
(33.899999999999999, 0)
(42.890000000000001, 0)
(36, 0)
(33.259999999999998, 0)
(51.490000000000002, 0)
(46.829999999999998, 0.0017065157406990494)
(31.780000000000001, 0)
(14.18, 0.029389437953645212)
(40.68, 0)
(39.659999999999997, 0)
(46.280000000000001, 0)
(4.8399999999999999, 0)
(44.340000000000003, 0)
(23.199999999999999, 0)
(9.8100000000000005, 0.077252216279910219)
(41.049999999999997, 0)
(24.280000000000001, 0)
(24.989999999999998, 0)
(23.109999999999999, 0)
(25.579999999999998, 0)
(16.48, 0.0024683885079986724)
(34.18, 0.0020426039058064329)
(13.32, 0)
(15.85, 0)
(5.1799999999999997, 0.044153153904979189)
(32.93, 0)
(22.620000000000001, 0)
(13.09, 0)
(8.0999999999999996, 0)
(24.91, 0.061975752724351074)
(7.6600000000000001, 0)
(25.91, 0)
(48.090000000000003, 0)
(12.82, 0)
(30.620000000000001, 0)
(12.5, 0)
(11.539999999999999, 0)
(3.8199999999999998, 0.029215764852259185)
(13.949999999999999, 0.99156330354521305)
(18.91, 0)
(17.93, 0)
(23.719999999999999, 0.062804194858094006)
(18.649999999999999, 0)
(41.390000000000001, 0.0019631242178759787)
(21.609999999999999, 0)
(10.970000000000001, 0)
(33.670000000000002, 0)
(18.98, 0)
(8.5099999999999998, 0)
(38.109999999999999, 0)
(38.5, 0.14324789252016407)
(26.309999999999999, 0)
(36.689999999999998, 0.023788515296826053)
(41.130000000000003, 0)
(43.460000000000001, 0)
(13.33, 0)
(51.369999999999997, 0)
(4.0499999999999998, 0)
(8.5999999999999996, 0)
(43.119999999999997, 0)
(7.3099999999999996, 0)
(8.0399999999999991, 0.16658312577266748)
(24.27, 0)
(50.299999999999997, 0)
(55.710000000000001, 0.93310359707444979)
(6.6600000000000001, 0)
(13.06, 0)
(17.48, 0)
(36.530000000000001, 1)
(18.579999999999998, 0)
(21.149999999999999, 0)
(8.6899999999999995, 0)
(41.409999999999997, 0)
(8.6099999999999994, 0)
(32.590000000000003, 0.0018015803628460543)
(7.1600000000000001, 0)
(7.4100000000000001, 0)
(20.899999999999999, 0)
(28.789999999999999, 0)
(48.340000000000003, 0)
(52.149999999999999, 0)
(42.210000000000001, 0)
(52.630000000000003, 0)
(24.789999999999999, 0)
(28, 0)
(20.329999999999998, 0)
(22.68, 0)
(36.020000000000003, 0.0039821256972276649)
(27.579999999999998, 0.13740945136154895)
(58.859999999999999, 0)
(33.170000000000002, 0)
(19.329999999999998, 0.95485584435628512)
(30.359999999999999, 0)
(20.609999999999999, 0)
(33.18, 0)
(22.77, 0)
(25.859999999999999, 0)
(33.369999999999997, 0)
(37.960000000000001, 0)
(14.960000000000001, 0.98263387494309484)
(43.869999999999997, 0.0059547299681480771)
(8.8300000000000001, 0)
(17.710000000000001, 0)
(30.420000000000002, 0)
(26.149999999999999, 0)
(18.609999999999999, 0)
(39.399999999999999, 0)
(16.350000000000001, 0)
(51.380000000000003, 0)
(48.780000000000001, 0.02632091816073218)
(4.1799999999999997, 1)
(49.159999999999997, 0)
(41.18, 0)
(26.719999999999999, 0)
(20.449999999999999, 0)
(5.3499999999999996, 0)
(33.060000000000002, 0)
(40.259999999999998, 0)
(48.75, 0)
(51.340000000000003, 0)
(47, 0)
(16.210000000000001, 0)
(15.43, 0)
(27.690000000000001, 0.0168232302377367)
(17.399999999999999, 0)
(25.75, 1)
(19.620000000000001, 0.98939063857851528)
(23.91, 0)
(39.57, 0)
(24.699999999999999, 0)
(36.75, 0)
(42.689999999999998, 0)
(3.9100000000000001, 0.074928969267854084)
(32.310000000000002, 0)
(16.809999999999999, 0)
(16.100000000000001, 0.064128411210011782)
(44.939999999999998, 0)
(41.659999999999997, 0)
(44.119999999999997, 0)
(44.009999999999998, 0)
(16.84, 0)
(22.600000000000001, 0)
(12.02, 0)
(25.890000000000001, 0)
(46.659999999999997, 0)
(35.640000000000001, 0)
(26.190000000000001, 0)
(33.950000000000003, 0)
(41.729999999999997, 0)
(46.240000000000002, 0)
(28.710000000000001, 0)
(13, 0)
(26.039999999999999, 0)
(47.140000000000001, 0)
(19.25, 0)
(23.719999999999999, 0.013929386900516597)
(33.259999999999998, 0.98091886340685697)
(7.5599999999999996, 0)
(10.130000000000001, 0.0055905517926612067)
(29.66, 0)
(6.2000000000000002, 0)
(40.219999999999999, 0)
(14.92, 0)
(24.800000000000001, 0)
(22.579999999999998, 0)
(25.77, 0)
(49.329999999999998, 0.98074235998457759)
(33.770000000000003, 0)
(15.82, 0.0025310640687709082)
(13.32, 0)
(6.6699999999999999, 0)
(10.67, 0)
(23.530000000000001, 0)
(44.189999999999998, 0)
(33.079999999999998, 0)
(22.940000000000001, 0)
(52.659999999999997, 0)
(28.280000000000001, 0.012380498499019088)
(10.470000000000001, 0)
(22.800000000000001, 0)
(5.4900000000000002, 0)
(19.219999999999999, 0)
(41.200000000000003, 0)
(4.1900000000000004, 1)
(33.479999999999997, 0)
(14.08, 0)
(48.460000000000001, 0)
(15.32, 0)
(42.259999999999998, 0)
(40.380000000000003, 0)
(48.850000000000001, 0)
(49.090000000000003, 0)
(39.770000000000003, 0)
(32.18, 0)
(18.23, 0)
(34.93, 0)
(36.159999999999997, 0)
(19.16, 0)
(40.609999999999999, 0)
(50.049999999999997, 0)
(48.630000000000003, 0.0016160087088452682)
(41.369999999999997, 0)
(32.57, 0)
(40.920000000000002, 0.037521650023390259)
(19.170000000000002, 0.002508271716182293)
(22.300000000000001, 0.98941980021370968)
(29.640000000000001, 0)
(51.119999999999997, 0)
(4.2300000000000004, 0)
(40.990000000000002, 0.019591993447873407)
(33.799999999999997, 0)
(44.829999999999998, 0.98679243185675014)
(18.68, 0)
(31.940000000000001, 0.98994827192492496)
(52.530000000000001, 1)
(12.25, 0)
(21.02, 0)
(13.67, 0)
(7.04, 0.019223718620272359)
(30.469999999999999, 1)
(23.149999999999999, 0)
(24.170000000000002, 0)
(5.4000000000000004, 0)
(38.539999999999999, 0)
(50.159999999999997, 0)
(8.2400000000000002, 0)
(48.219999999999999, 0)
(27.780000000000001, 0)
(20.199999999999999, 0)
(26.02, 0)
(34.780000000000001, 1)
(19.699999999999999, 0)
(23.940000000000001, 0)
(13.81, 0)
(14.41, 0)
(4.71, 0)
(45.780000000000001, 0)
(25.379999999999999, 0)
(26.829999999999998, 0.0022258389295922608)
(31.550000000000001, 0)
(11.699999999999999, 0)
(22.559999999999999, 0.011474277074032998)
(42.859999999999999, 0)
(36.530000000000001, 0)
(25.530000000000001, 0)
(5.5199999999999996, 0)
(6.6699999999999999, 0)
(49.189999999999998, 0)
(5.0800000000000001, 0)
(49.090000000000003, 0)
(21.600000000000001, 0)
(49.609999999999999, 0)
(36.07, 0)
(12.91, 1)
(11.16, 0)
(25.43, 0)
(30.870000000000001, 0)
(30.07, 0)
(40.869999999999997, 0.11306388880427055)
(13.33, 0)
(15.32, 0.012552001872721187)
(25.09, 0)
(45.579999999999998, 0)
(15.369999999999999, 0)
(28.16, 0)
(26, 0)
(12.32, 0)
(35.259999999999998, 0)
(22.460000000000001, 0)
(20.32, 0)
(29.690000000000001, 0)
(41.380000000000003, 0)
(19.850000000000001, 0)
(17.75, 0)
(44.090000000000003, 0)
(25.93, 0)
(22.390000000000001, 0)
(21.41, 0)
(13.869999999999999, 0)
(36.640000000000001, 0)
(9.1199999999999992, 1)
(28.989999999999998, 1)
(48.619999999999997, 0)
(39.520000000000003, 0)
(46.479999999999997, 0)
(20.84, 0.044010993724264168)
(15.08, 0)
(48.539999999999999, 0)
(17.780000000000001, 0)
(48.880000000000003, 0.98675458865534005)
(25.18, 0)
(16.199999999999999, 0)
(45.090000000000003, 0)
(51.969999999999999, 1)
(10.869999999999999, 0)
(45.93, 0.98648430441023727)
(32.939999999999998, 0)
(31.149999999999999, 0)
(27.719999999999999, 0)
(27.899999999999999, 0)
(11.58, 0)
(25.309999999999999, 0.0010717902855530751)
(10.6, 0)
(7.75, 0)
(26.890000000000001, 0)
(22.170000000000002, 0)
(38.020000000000003, 0)
(15.24, 0)
(25.300000000000001, 1)
(48.219999999999999, 0)
(54.020000000000003, 0)
(14.48, 0)
(13.66, 0)
(8.7400000000000002, 0)
(44.299999999999997, 0)
(18.559999999999999, 0.0023369722053346509)
(32.659999999999997, 0)
(6.6699999999999999, 0)
(36.600000000000001, 0)
(45.899999999999999, 0)
(45.340000000000003, 0)
(11.199999999999999, 0)
(47.880000000000003, 0)
(13.880000000000001, 0)
(18.809999999999999, 0)
(4.9100000000000001, 0)
(23.629999999999999, 0)
(4.0999999999999996, 0)
(22.690000000000001, 0)
(36.240000000000002, 0)
(26.559999999999999, 0)
(32.170000000000002, 0)
(22.43, 0)
(49.219999999999999, 0)
(7.8300000000000001, 1)
(11.41, 0)
(40.369999999999997, 0)
(6.21, 1)
(14.609999999999999, 0)
(12.640000000000001, 0)
(40.039999999999999, 1)
(12.25, 0)
(47.030000000000001, 0.034367162180555876)
(42.520000000000003, 0)
(9.6400000000000006, 0)
(19.449999999999999, 0)
(28.98, 0)
(25.260000000000002, 0)
(49.420000000000002, 1)
(43.100000000000001, 0)
(31.09, 0)
(39.450000000000003, 0)
(19.969999999999999, 0)
(12.57, 1)
(37.770000000000003, 0)
(36.560000000000002, 0)
(26.949999999999999, 0)
(23.460000000000001, 0)
(6.1600000000000001, 0.0041334943189006114)
(50.18, 0)
(27.539999999999999, 0)
(38.030000000000001, 1)
(7.4900000000000002, 0)
(11.289999999999999, 0)
(5.21, 0)
(34.5, 0)
(17.210000000000001, 0)
(40.450000000000003, 0)
(11.91, 0)
(40.149999999999999, 0)
(32.380000000000003, 0)
(46.18, 0)
(17.030000000000001, 0)
(51.829999999999998, 0)
(6.2599999999999998, 0)
(48.68, 0)
(33.170000000000002, 0)
(16.960000000000001, 0)
(33.409999999999997, 0)
(36.119999999999997, 0)
(22.829999999999998, 0)
(14.890000000000001, 0)
(22.690000000000001, 0)
(25, 0)
(41.020000000000003, 0)
(31.579999999999998, 0)
(42.799999999999997, 0)
(34.469999999999999, 0)
(24.41, 1)
(15.369999999999999, 0.98591519540349348)
(27.609999999999999, 0)
(10.98, 0)
(22.84, 0)
(18.75, 0)
(10.369999999999999, 0)
(23.829999999999998, 0)
(24.309999999999999, 0)
(8.1600000000000001, 0)
(18.530000000000001, 0)
(31.460000000000001, 0)
(18.73, 0)
(42.109999999999999, 0)
