(0.089606671579843963, 0.0027540597186518517)
(0.14408022399973278, 0)
(0.13529097189293396, 0)
(0.027219056517313739, 0.11520091404961799)
(0.03445971684738014, 0.082802237120802605)
(0.040379866285657123, 0.034882283778650332)
(0.085718061628245829, 0.001168427390974713)
(0.19208204938219567, 0)
(0.056943376018141915, 0.010045232955778076)
(0.01923179911037769, 0.24631114433259435)
(0.17029220301568884, 0)
(0.15681961668749098, 0)
(0.068595418475417808, 0.0021350743259028514)
(0.09002729082537321, 0)
(0.18997847945694682, 0)
(0.084167672782820266, 0.0023818364499355389)
(0.076493169951240128, 0.00183076166389473)
(0.055882821664853637, 0.0056493855674139897)
(0.16385661184583636, 0)
(0.16424988025619713, 0)
(0.040413345852497819, 0.022511649438604314)
(0.11605301716489255, 0)
(0.029839803356648417, 0.14432243817894716)
(0.10286030100144275, 0)
(0.15507599314028134, 0)
(0.17819115806454897, 0)
(0.06982185845198767, 0)
(0.10647733149362974, 0)
(0.17258621009308467, 0)
(0.17196774017202515, 0)
(0.017849701987149524, 0.69233929898697044)
(0.16999521814765634, 0)
(0.1210676564549969, 0)
(0.14062782007815366, 0)
(0.18887716678963479, 0)
(0.10278966084747872, 0)
(0.09336485592600649, 0)
(0.11339236147593312, 0)
(0.048793680145308022, 0.031630758794749851)
(0.18593367463105404, 0)
(0.1231654157936162, 0)
(0.063007591411211886, 0.0099232307333324433)
(0.14683988330346454, 0)
(0.03984096971334776, 0.061859519008275084)
(0.113622159836783, 0)
(0.017968913665014997, 0.36515705416768646)
(0.085474604445041194, 0)
(0.01539570189261422, 0.36852777711234491)
(0.074825466827750375, 0.0039894780430411499)
(0.17281724075609459, 0)
(0.078111928327017341, 0)
(0.12965705201459363, 0)
(0.1550617612497576, 0)
(0.064902686757880065, 0.0021184437356661081)
(0.076239542344677239, 0.0026649622333401271)
(0.11319342068960329, 0)
(0.021681209940298693, 0.28776053398570489)
(0.092995203976753954, 0)
(0.12162803471147948, 0)
(0.11304582042444838, 0)
(0.18711255695963727, 0)
(0.028911863268540942, 0.060347777507504571)
(0.13674336146579727, 0)
(0.13269420865703493, 0)
(0.076092693395778274, 0.0019664282113890492)
(0.052565930807527576, 0.0084065186935391549)
(0.080690993667938915, 0)
(0.080790082179253375, 0.0039413060085166712)
(0.19932128322666717, 0)
(0.14278826280366388, 0)
(0.12010838616095044, 0)
(0.10431067933366797, 0)
(0.11481129027251966, 0)
(0.15027878049662297, 0)
(0.058351481225875405, 0)
(0.074775959314840115, 0.0036556890834923061)
(0.15670640808104014, 0)
(0.13200499061806367, 0)
(0.11870893525328363, 0)
(0.11370241894608933, 0)
(0.1008671268023803, 0)
(0.11212639549838693, 0)
(0.030987548991005961, 0.26681692443467203)
(0.032666616979571343, 0.20942729006139477)
(0.065598301839614306, 0.0021676195119725802)
(0.084153840579190814, 0)
(0.019898250690544766, 0.22844734168950109)
(0.047400969599846819, 0.0078384190093284314)
(0.016585088691128722, 0.26682144460616031)
(0.13280226834486597, 0)
(0.063573380610997293, 0.0039758482129926328)
(0.011416059140533816, 0.40273234314598644)
(0.045160325418477594, 0.045737402311002706)
(0.17320875013966394, 0)
(0.14584818618710838, 0)
(0.19760238214035639, 0)
(0.14406402448105235, 0)
(0.072380563320644686, 0.0040580198969361204)
(0.17412103502933873, 0)
(0.016419018749433748, 0.2859936087682175)
(0.097271956622330277, 0)
(0.13411300514903959, 0)
(0.17523748679662057, 0)
(0.014038597204491625, 0.59295423698861671)
(0.18009670459168908, 0)
(0.11016620666416398, 0)
(0.054215196203662948, 0.0057526578955364649)
(0.034883240483443878, 0.23060158288426377)
(0.19816396743967035, 0)
(0.068008449079364527, 0.020993381665136278)
(0.17366591322878752, 0)
(0.13482036329585326, 0)
(0.19859974924812102, 0)
(0.15637560966078606, 0)
(0.17933622290278864, 0)
(0.02235627238436956, 0.87778650187600382)
(0.13353840840183925, 0)
(0.11400164406203342, 0)
(0.029357279506303978, 0.50217286202584355)
(0.012268711212389932, 0.86287131395705241)
(0.039752638293023043, 0.092954279797089631)
(0.19748848278411232, 0)
(0.16771247255843882, 0)
(0.06682132872707465, 0.0077779432148667041)
(0.028471350929081193, 0.36042582787910726)
(0.10570235742485888, 0)
(0.13336366381643205, 0)
(0.12291437318294347, 0)
(0.12441617994136023, 0)
(0.017843294300011324, 0.64002094826868783)
(0.020378304426425076, 0.62635533225490292)
(0.031396133227915471, 0.90755507349223219)
(0.14884918398342906, 0)
(0.071292220448634674, 0.0062591169608937555)
(0.16543511471054226, 0)
(0.14751481306964928, 0)
(0.031912920248317919, 0.44486019788004888)
(0.18047489462106187, 0)
(0.17186352553413459, 0)
(0.1294785852536342, 0)
(0.039696505560279254, 0.12565848465499099)
(0.13052371868613349, 0)
(0.094030016343289738, 0)
(0.097191266564424464, 0.0018485304731045398)
(0.19196068875252054, 0)
(0.1374660201971703, 0)
(0.12947067952244631, 0)
(0.15291630449323848, 0)
(0.16649630253225692, 0)
(0.18783415050138927, 0)
(0.078156136759090625, 0)
(0.034341765488441173, 0.11408133201533728)
(0.060554743525633427, 0.0096090500976080719)
(0.1375702985231867, 0)
(0.014233528101875892, 0.65582767335342917)
(0.1161554534296013, 0)
(0.03979985820907294, 0.076404426479619814)
(0.1342049113150092, 0)
(0.01757496832748328, 0.80671479796215206)
(0.080651247930411465, 0.0035484214856825315)
(0.14428235820888879, 0)
(0.060654893369362466, 0.0080346081518225549)
(0.14261438007230892, 0)
(0.10449946393761678, 0)
(0.11932252754852889, 0)
(0.020176869372520792, 0.61882811120353853)
(0.13664803657082084, 0)
(0.11328148043720485, 0)
(0.10873829216534815, 0)
(0.070279014318519309, 0.003958967019860025)
(0.038809958889394175, 0.080296624977947664)
(0.16496166724498307, 0)
(0.11832113796090922, 0)
(0.10552876189339336, 0)
(0.16976351963566819, 0)
(0.1261619698529845, 0)
(0.15583981046960241, 0)
(0.12502081488791578, 0)
(0.11065443281977004, 0)
(0.082238847567806653, 0.0040161131246851068)
(0.10849873361236147, 0)
(0.10035302542126696, 0)
(0.14796755698696823, 0)
(0.039475103959029624, 0.058602428400660926)
(0.077764681948060549, 0.0078024699258664454)
(0.17011162395578272, 0)
(0.070643752986692634, 0.0066399363300730417)
(0.096370305044083074, 0)
(0.13270678115904333, 0)
(0.059184409872981542, 0.0096598112617917193)
(0.094260426610229917, 0.0019735554013257414)
(0.064747643740290808, 0.011509946822366113)
(0.1779001280834939, 0)
(0.14214950923945416, 0)
(0.055477165980576261, 0.020417928677114752)
(0.037211986736393414, 0.1559039009548418)
(0.061498360688987931, 0.0024253809775343755)
(0.082145713319320135, 0.0021970074482046873)
(0.15464236060920028, 0)
(0.044845259974249124, 0.03195428751393669)
(0.18149288130157737, 1)
(0.059412862164132406, 1)
(0.056161088763794671, 1)
(0.18328168651618534, 0.37007451309943129)
(0.15718491973527179, 1)
(0.080698628600263556, 1)
(0.030584845175632216, 0.96223852455047842)
(0.030346446967312923, 0.97666726768001377)
(0.10805399076179471, 1)
(0.045742520585454603, 1)
(0.18624614944212142, 1)
(0.049415075999879744, 1)
(0.13870037305586713, 1)
(0.059763765446838049, 1)
(0.14043310085136795, 1)
(0.074491307877926821, 1)
(0.10776166615061665, 1)
(0.052078661232580328, 1)
(0.18154952175256506, 1)
(0.18613743531165244, 1)
(0.063742689485621201, 1)
(0.17416010514628477, 1)
(0.16313655553711326, 0.32249260103055793)
(0.050034057195066338, 1)
(0.14273407875398722, 1)
(0.077782926468980496, 0.31746236376505943)
(0.11247997267498661, 1)
(0.11975128582673918, 0.33819456054408797)
(0.056036410643047187, 1)
(0.10962310043993333, 1)
(0.15561402504351779, 1)
(0.16793616242657908, 1)
(0.014838032449053334, 0.80561932434643768)
(0.13158200813242302, 1)
(0.012921492981729682, 0.84800323677850609)
(0.14292162580820433, 1)
(0.19480279549770679, 0.18235923172376217)
(0.072060966315062314, 1)
(0.099088610010131153, 1)
(0.1472080781535475, 1)
(0.13592523519957819, 1)
(0.020086830964327174, 0.89643611933291789)
(0.12638693855035296, 0.44411334165747884)
(0.044976201796387692, 0.99304231862834225)
(0.091367916464736534, 0.38437499827165794)
(0.17410317333053021, 1)
(0.16290696277989811, 1)
(0.17506985675502426, 1)
(0.18919717855995333, 1)
(0.088087967794062569, 1)
(0.096674053967051199, 1)
(0.078378231679490762, 1)
(0.130397759214956, 0.19567808443629953)
(0.066069235101540502, 0.9959542160735283)
(0.15358453927515009, 1)
(0.044794245807137027, 0.99463679520867831)
(0.12291977458494652, 1)
(0.1558693844801628, 1)
(0.081649331525630378, 1)
(0.143385294493381, 1)
(0.046932522399230271, 1)
(0.034569802454454887, 0.99273896009666729)
(0.1799755390315409, 1)
(0.071200630928185585, 1)
(0.051139401021858787, 0.9892659320949948)
(0.18600918979229752, 1)
(0.029523103577256071, 0.99154083787962977)
(0.13947830689312293, 1)
(0.011073789621290303, 0.81000493934012474)
(0.03298207881401774, 0.95776047797587793)
(0.028367918455186651, 0.93187691626464575)
(0.033665655188257149, 0.99040440378016847)
(0.014667236197573024, 0.77941072300545855)
(0.10761637091315139, 0.40696761544431864)
(0.063116861548457165, 1)
(0.019051536522566376, 0.95202326942249449)
(0.069071089931019042, 1)
(0.18761838447310519, 1)
(0.096801617515600819, 1)
(0.19884448064345694, 1)
(0.045207909240511289, 0.98286508094565284)
(0.11684882476489013, 1)
(0.17435994719455494, 1)
(0.084394544468904903, 0.25930786306539094)
(0.044202619714262349, 1)
(0.1870907411669544, 1)
(0.089217940204590923, 1)
(0.17784531426889538, 1)
(0.13177423194923249, 1)
(0.022291048524540412, 0.9787244539876595)
(0.055718520044511298, 0.98482563789340827)
(0.10411596372836347, 0.19735137356724497)
(0.045781961311827525, 0.99671874377227132)
(0.055842911807148031, 1)
(0.18087064443909046, 1)
(0.026259614054681454, 0.95304935409188296)
(0.13109161982397596, 1)
(0.17859087584518993, 1)
(0.14522192331849007, 1)
(0.11615857280164149, 1)
(0.15777380136727098, 1)
(0.030014093581149377, 0.98964632715571654)
(0.078587891893106623, 1)
(0.09775291872017923, 1)
(0.11252207251690463, 1)
(0.054912260596506314, 0.98434548173175207)
(0.17773483535036055, 1)
(0.071925779151983102, 1)
(0.018175036602192107, 0.90538470721053232)
(0.15347104902084729, 1)
(0.15202227970469218, 1)
(0.11462533402120828, 1)
(0.034713518083858162, 0.99212639342186115)
(0.067494880432300383, 1)
(0.011616378165162368, 0.84970950062772277)
(0.11208952223083209, 1)
(0.14303777629301154, 1)
(0.020655885453267665, 0.97125408631747445)
(0.10763352994022139, 1)
(0.11590168603136387, 1)
(0.1533403774342747, 1)
(0.095445651996200434, 1)
(0.025898084052204472, 0.97566757745239185)
(0.026926161577119107, 0.97718081698373271)
(0.16778121043274283, 1)
(0.17792286759753248, 1)
(0.079061464750087948, 1)
(0.091362227789451855, 1)
(0.046582616855526657, 1)
(0.036283909581174112, 1)
(0.13816478160374096, 1)
(0.16708825419907047, 1)
(0.090057756594802862, 1)
(0.098035322158597116, 1)
(0.05651823719309202, 1)
(0.016801935088305495, 0.93700782957868201)
(0.11019345845277337, 1)
(0.10925905903382693, 1)
(0.18389772876009322, 1)
(0.037565579843424381, 0.98245300452689199)
(0.18626363379045871, 1)
(0.063058515341612636, 1)
(0.025985230337278356, 0.96510341809912015)
(0.044980048217749501, 1)
(0.1741494950739943, 1)
(0.17433259662028333, 1)
(0.05978700967169389, 1)
(0.034931246740632756, 0.99406308225595119)
(0.14963507002476734, 1)
(0.090391448839441169, 1)
(0.024137714724284904, 0.98205936303294639)
(0.11121912836620639, 1)
(0.17623620710950652, 1)
(0.12010277186296624, 1)
(0.03382795719786251, 0.97386613035749237)
(0.074714146187755612, 1)
(0.082638942488826569, 1)
(0.027774740161266166, 0.96162216169897363)
(0.070847092848084686, 1)
(0.12142384125277496, 1)
(0.069914694333551408, 1)
(0.11384912995605438, 1)
(0.14525348320197118, 1)
(0.16506303467379538, 1)
(0.071481752497562778, 1)
(0.15309911934921605, 1)
(0.18540550673508749, 1)
(0.071178736924494751, 1)
(0.15318440952174814, 1)
(0.1265452344036776, 1)
(0.080117216354178553, 1)
(0.015406768086553228, 0.94445641427888427)
(0.081800143043715967, 1)
(0.15298258717951607, 1)
(0.1480431346792449, 1)
(0.050323473978821372, 0.99009413842494642)
(0.052434757803210379, 1)
(0.076513073572976834, 1)
(0.094503104022661502, 1)
(0.10013847762156948, 1)
(0.19121350689248898, 1)
(0.056038012521884478, 1)
(0.090292834025554228, 1)
(0.1298573555583605, 1)
(0.15659532416845992, 1)
(0.18597052866614139, 1)
(0.18363665210533522, 1)
(0.10884415534684028, 1)
(0.18436252732397643, 1)
(0.11797667421190496, 1)
(0.12961944679495052, 1)
(0.09016994272861277, 1)
(0.12709354712439566, 1)
(0.018124023094115378, 0.99113525086443321)
(0.18216474590657833, 1)
(0.13839393951845405, 1)
(0.16772960179873864, 1)
(0.054472267007239519, 1)
(0.19898477784706975, 1)
(0.16282441905570588, 1)
(0.17380517503643833, 1)
(0.10130726632587238, 1)
(0.17023399208713214, 1)
(0.14151322198338889, 1)
(0.12588390981262682, 1)
(0.013414015018974698, 0.90880689033353634)
(0.039874816934245598, 1)
(0.057319392251820638, 1)
(0.038128206814595958, 1)
(0.14451208760109324, 1)
(0.069857677539066104, 1)
(0.044304774400671973, 1)
(0.14401633496459154, 1)
(0.046878555166122993, 0.98986504812397846)
(0.15111571107002522, 1)
(0.1963729846210831, 1)
(0.058312331703321937, 1)
(0.13010853483714363, 1)
(0.017082125022166224, 0.95241062397800935)
(0.013429624782976192, 0.98319671711368428)
(0.1779567422885914, 1)
(0.061725695988504935, 1)
(0.11947491230009399, 1)
(0.099526138324960836, 1)
(0.10780699465449313, 1)
(0.029545293529352742, 0.99603984201579099)
(0.19784418893095748, 1)
(0.14224527558978176, 1)
(0.090781420923028169, 1)
(0.01737838434689706, 0.98489874354255125)
(0.1541920266953585, 1)
(0.036770051724343632, 1)
(0.021226157480003789, 1)
(0.084838275690747658, 1)
(0.060977792489602424, 1)
(0.046868580126146794, 1)
(0.087549447293977511, 1)
(0.084052245628328442, 1)
(0.07549473719298111, 1)
(0.12750734548985623, 1)
(0.17035972858789608, 1)
(0.01197062383051394, 0.91203826784377307)
(0.15908240034375729, 1)
(0.16830353311726254, 1)
(0.029729326077124939, 0.98052639313510115)
(0.18022036770667851, 1)
(0.091981376100749204, 1)
(0.028927270971206828, 1)
(0.095327479905874229, 1)
(0.086781838329142505, 1)
(0.14460783526691423, 1)
(0.017361491245677377, 0.98096326763751673)
(0.12289316194439638, 1)
(0.098239669078127215, 1)
(0.13543628463491, 1)
(0.092470987713475533, 1)
(0.14005838377985744, 1)
(0.015891582588094127, 0.94401405460788601)
(0.1968030530154066, 1)
(0.08576996700607066, 1)
(0.15921568947178352, 1)
(0.14744542636509822, 1)
(0.11932370007479708, 1)
(0.1858835878151226, 1)
(0.19033720058290055, 1)
(0.048801353697202503, 1)
(0.16179135846829354, 1)
(0.024340331939096307, 0.97470538667766338)
(0.1217461500132348, 1)
(0.076445264111115921, 1)
(0.037938179103052132, 1)
(0.16325444337165551, 1)
(0.14098284467173394, 1)
(0.16271617516550729, 1)
(0.021963065954707418, 1)
(0.010463892747498369, 0.83283030573664041)
(0.15016600749413431, 1)
(0.097281092998696667, 1)
(0.13413144201933538, 1)
(0.043239124461904921, 1)
(0.15914884131763515, 1)
(0.17146152585507071, 1)
(0.14835253040938168, 1)
(0.12854646332704622, 1)
(0.048094234597579104, 1)
(0.1842903749987998, 1)
(0.12950385483388716, 1)
(0.17947045521752705, 1)
(0.02001789428437311, 0.9694992954143018)
(0.15757495691314491, 1)
(0.1137131238189943, 1)
(0.041682193686377017, 1)
(0.047163511894806227, 0.99060053943260207)
(0.027662774212723805, 0.99392731077916308)
(0.17171605596345535, 1)
(0.016378673892940808, 0.98832288603728569)
(0.059195206228904847, 1)
(0.08236826921692332, 1)
(0.024808376995863662, 0.97582400572675976)
(0.17684355855837153, 1)
(0.17254773626533568, 1)
(0.062553863733715062, 1)
(0.016532431475321966, 0.98838135455431653)
(0.028204010172839397, 1)
(0.010389188295630116, 0.89916959890564019)
(0.15969077457197323, 1)
(0.063937269862200677, 1)
(0.15499397157091513, 1)
(0.052131910585056999, 1)
(0.1324327673897896, 1)
(0.039840773009716772, 1)
(0.10497810884389458, 1)
(0.082124687591801762, 1)
(0.12929611610526873, 1)
(0.090043526800594617, 1)
(0.19602577860453943, 1)
(0.1644454443746762, 1)
(0.19302701903475347, 1)
(0.15301226011155417, 1)
(0.14533729195904527, 1)
(0.048171982642331877, 1)
(0.19888642401463247, 1)
(0.11043845068033339, 1)
(0.19690298324327077, 1)
(0.050470960748567627, 1)
(0.055886171792229745, 1)
(0.086627011346176203, 1)
(0.059390204284233666, 1)
(0.18377823521679931, 1)
(0.16892157037832806, 1)
(0.045092579046149023, 1)
(0.15062090660247432, 1)
(0.022145692207032101, 0.96920449880925819)
(0.14286046165153471, 1)
(0.19932180869428945, 1)
(0.12133719302766925, 1)
(0.027173801625723769, 0.99026134280377265)
(0.16217364897426939, 1)
(0.14489518651077229, 1)
(0.1006052931107129, 1)
(0.10346557529364959, 1)
(0.11069475878749871, 1)
(0.19597824695154886, 1)
(0.053875855828233558, 1)
(0.060626646505220975, 1)
(0.12483239971739737, 1)
(0.057553396998320745, 1)
(0.084375185903301675, 1)
(0.057891137255610785, 1)
(0.014085345611183141, 0.95751978986420105)
(0.19638718636593805, 1)
(0.16282291871865201, 1)
(0.16453790850982034, 1)
(0.13077325610022475, 1)
(0.022950259595665136, 0.99119789608645636)
(0.043113981001994206, 1)
(0.091140618700797399, 1)
(0.07859215182162721, 1)
(0.09505109324101936, 1)
(0.043656468542578368, 1)
(0.19930432167976694, 1)
(0.060551328886554269, 1)
(0.19055913889674098, 1)
(0.043853870659436876, 1)
(0.16073373402090288, 1)
(0.11836068264585571, 1)
(0.036785119521317862, 1)
(0.027750363855646554, 0.99534283592186978)
(0.15498031270884921, 1)
(0.096051671255239043, 1)
(0.064381488076697121, 1)
(0.098227740667082244, 1)
(0.031402924294845057, 0.98958950957391056)
(0.023160203404702009, 0.99087969492684291)
(0.056267618516182963, 1)
(0.15110016630412751, 1)
(0.031868887665913878, 1)
(0.14252515331443946, 1)
(0.02257984720587005, 0.99667865932491717)
(0.091787386193541237, 1)
(0.030715390203004581, 1)
(0.18332073438645966, 1)
(0.075370440786323739, 1)
(0.032755298060726599, 0.9944248906685581)
(0.12867373198805765, 1)
(0.021868362469973146, 1)
(0.16248745889436755, 1)
(0.18351839995444222, 1)
(0.1465911420011379, 1)
(0.02037439702795768, 0.98443085563357935)
(0.16267414346446193, 1)
(0.19366579784237398, 1)
(0.1882977330320203, 1)
(0.12565299226985127, 1)
(0.16552891463468428, 1)
(0.10422598796005766, 1)
(0.076548959992456186, 1)
(0.13479668595853717, 1)
(0.11169405995816234, 1)
(0.063257691997557666, 1)
